2.983,0.608,1.25,2.549,2.52,0.222,1.715,0.995
2.985,0.608,1.249,2.545,2.52,0.222,1.714,0.994
2.985,0.608,1.249,2.545,2.52,0.222,1.715,0.995
2.983,0.608,1.248,2.544,2.518,0.222,1.715,0.996
2.983,0.608,1.249,2.545,2.522,0.222,1.715,0.995
2.985,0.608,1.249,2.545,2.52,0.222,1.714,0.994
2.983,0.608,1.25,2.548,2.52,0.222,1.715,0.995
2.988,0.608,1.249,2.545,2.52,0.222,1.715,0.995
2.985,0.608,1.249,2.545,2.52,0.223,1.715,0.995
2.985,0.608,1.249,2.545,2.52,0.222,1.715,0.995
2.983,0.608,1.249,2.544,2.518,0.222,1.715,0.996
2.985,0.608,1.249,2.545,2.52,0.222,1.715,0.995
2.983,0.608,1.249,2.545,2.52,0.223,1.715,0.995
2.982,0.608,1.249,2.545,2.521,0.223,1.715,0.995
2.983,0.608,1.249,2.545,2.52,0.223,1.715,0.995
2.985,0.608,1.249,2.544,2.518,0.222,1.715,0.995
2.985,0.607,1.249,2.545,2.52,0.223,1.715,0.995
2.983,0.608,1.249,2.545,2.52,0.223,1.715,0.995
2.983,0.608,1.25,2.546,2.521,0.223,1.715,0.995
2.985,0.608,1.249,2.545,2.52,0.223,1.715,0.994
2.983,0.608,1.249,2.545,2.52,0.223,1.716,0.995
2.983,0.608,1.249,2.545,2.52,0.223,1.716,0.995
2.985,0.608,1.249,2.544,2.518,0.223,1.715,0.995
2.985,0.608,1.249,2.544,2.518,0.223,1.715,0.995
2.985,0.607,1.249,2.545,2.52,0.223,1.715,0.995
2.985,0.608,1.249,2.545,2.52,0.223,1.715,0.995
2.985,0.608,1.249,2.545,2.52,0.223,1.716,0.995
2.985,0.608,1.249,2.544,2.518,0.223,1.715,0.995
2.985,0.608,1.249,2.545,2.52,0.223,1.715,0.995
2.983,0.608,1.249,2.543,2.518,0.223,1.716,0.996
2.985,0.607,1.249,2.545,2.52,0.223,1.715,0.995
2.983,0.608,1.249,2.544,2.52,0.223,1.716,0.995
2.983,0.608,1.249,2.544,2.52,0.223,1.716,0.995
2.985,0.608,1.249,2.545,2.52,0.223,1.715,0.995
2.985,0.608,1.249,2.545,2.52,0.223,1.716,0.995
2.985,0.607,1.249,2.545,2.52,0.223,1.715,0.995
2.985,0.607,1.249,2.544,2.52,0.223,1.715,0.995
2.983,0.608,1.249,2.544,2.52,0.223,1.716,0.995
2.983,0.608,1.249,2.543,2.518,0.223,1.715,0.995
2.983,0.608,1.249,2.544,2.52,0.223,1.716,0.995
2.987,0.608,1.249,2.544,2.52,0.223,1.716,0.995
2.985,0.607,1.249,2.544,2.52,0.223,1.715,0.995
2.982,0.608,1.249,2.543,2.518,0.223,1.719,0.995
2.983,0.607,1.249,2.543,2.518,0.223,1.715,0.994
2.983,0.607,1.249,2.543,2.518,0.223,1.715,0.995
2.983,0.607,1.249,2.544,2.52,0.223,1.716,0.995
2.983,0.607,1.25,2.544,2.52,0.223,1.716,0.995
2.982,0.608,1.249,2.543,2.518,0.223,1.718,0.995
2.982,0.608,1.249,2.543,2.52,0.223,1.716,0.995
2.983,0.607,1.249,2.544,2.518,0.223,1.715,0.995
2.983,0.607,1.249,2.544,2.52,0.223,1.715,0.995
2.982,0.608,1.249,2.543,2.518,0.223,1.716,0.995
2.981,0.608,1.25,2.543,2.52,0.223,1.716,0.995
2.985,0.608,1.249,2.543,2.518,0.223,1.716,0.995
2.982,0.608,1.25,2.544,2.518,0.223,1.716,0.995
2.983,0.607,1.249,2.543,2.518,0.223,1.715,0.995
2.986,0.608,1.249,2.543,2.518,0.223,1.716,0.995
2.982,0.608,1.249,2.543,2.518,0.223,1.716,0.995
2.983,0.607,1.249,2.543,2.52,0.223,1.716,0.995
2.983,0.608,1.249,2.543,2.52,0.223,1.716,0.995
2.981,0.608,1.249,2.542,2.52,0.223,1.715,0.995
2.983,0.607,1.249,2.543,2.518,0.223,1.715,0.994
2.982,0.608,1.249,2.543,2.518,0.223,1.716,0.995
2.982,0.608,1.25,2.545,2.518,0.223,1.716,0.995
2.982,0.608,1.249,2.542,2.517,0.223,1.716,0.995
2.983,0.608,1.249,2.543,2.518,0.223,1.715,0.994
2.981,0.608,1.249,2.54,2.517,0.223,1.716,0.995
2.983,0.608,1.249,2.542,2.518,0.223,1.716,0.995
2.982,0.608,1.249,2.542,2.517,0.222,1.715,0.994
2.981,0.608,1.25,2.544,2.518,0.223,1.715,0.995
2.982,0.608,1.249,2.543,2.518,0.223,1.715,0.994
2.982,0.608,1.249,2.542,2.517,0.223,1.715,0.994
2.983,0.607,1.249,2.542,2.518,0.223,1.715,0.994
2.981,0.608,1.249,2.542,2.52,0.223,1.715,0.994
2.983,0.608,1.249,2.542,2.517,0.223,1.715,0.994
2.981,0.608,1.249,2.54,2.517,0.223,1.718,0.994
2.981,0.608,1.249,2.54,2.517,0.222,1.715,0.995
2.982,0.608,1.249,2.542,2.517,0.223,1.715,0.994
2.983,0.608,1.249,2.54,2.517,0.223,1.715,0.995
2.981,0.608,1.25,2.542,2.518,0.223,1.715,0.994
2.982,0.608,1.249,2.54,2.517,0.222,1.715,0.994
2.981,0.608,1.249,2.54,2.517,0.223,1.718,0.994
2.982,0.608,1.249,2.542,2.518,0.223,1.715,0.994
2.981,0.608,1.249,2.54,2.517,0.223,1.715,0.994
2.982,0.608,1.249,2.542,2.518,0.223,1.715,0.994
2.981,0.608,1.249,2.54,2.517,0.222,1.716,0.994
2.981,0.608,1.249,2.54,2.517,0.223,1.715,0.994
2.982,0.608,1.249,2.54,2.517,0.222,1.715,0.994
2.981,0.608,1.249,2.54,2.516,0.222,1.714,0.994
2.981,0.608,1.249,2.54,2.517,0.222,1.715,0.994
2.982,0.608,1.249,2.54,2.517,0.222,1.715,0.994
2.98,0.608,1.249,2.54,2.52,0.222,1.715,0.994
2.981,0.608,1.249,2.54,2.517,0.223,1.715,0.994
2.983,0.608,1.249,2.54,2.517,0.222,1.715,0.994
2.98,0.608,1.249,2.539,2.516,0.222,1.716,0.995
2.98,0.608,1.249,2.539,2.516,0.222,1.715,0.995
2.98,0.608,1.249,2.539,2.516,0.222,1.715,0.994
2.98,0.608,1.249,2.539,2.516,0.222,1.715,0.995
2.981,0.608,1.249,2.54,2.517,0.222,1.715,0.994
2.981,0.608,1.249,2.54,2.517,0.222,1.715,0.994
2.981,0.608,1.249,2.54,2.517,0.222,1.714,0.994
2.98,0.608,1.249,2.539,2.516,0.222,1.714,0.994
2.981,0.608,1.249,2.54,2.517,0.222,1.715,0.994
2.982,0.608,1.249,2.539,2.516,0.222,1.715,0.994
2.981,0.608,1.249,2.54,2.517,0.222,1.714,0.994
2.98,0.608,1.249,2.539,2.516,0.222,1.716,0.994
2.981,0.608,1.249,2.54,2.517,0.222,1.714,0.992
2.981,0.608,1.249,2.539,2.516,0.222,1.714,0.992
2.981,0.608,1.249,2.54,2.517,0.222,1.715,0.994
2.98,0.608,1.249,2.539,2.516,0.222,1.716,0.994
2.981,0.608,1.249,2.539,2.517,0.222,1.715,0.994
2.979,0.608,1.249,2.539,2.516,0.223,1.716,0.994
2.98,0.608,1.249,2.539,2.516,0.222,1.714,0.994
2.98,0.608,1.249,2.538,2.515,0.222,1.714,0.994
2.98,0.608,1.249,2.54,2.516,0.223,1.714,0.994
2.98,0.608,1.249,2.538,2.515,0.222,1.714,0.994
2.981,0.608,1.249,2.539,2.516,0.222,1.714,0.992
2.979,0.608,1.249,2.539,2.52,0.222,1.714,0.994
2.983,0.608,1.249,2.539,2.516,0.222,1.715,0.994
2.98,0.608,1.249,2.538,2.515,0.222,1.714,0.992
2.979,0.608,1.249,2.539,2.52,0.222,1.714,0.994
2.98,0.608,1.249,2.539,2.516,0.222,1.714,0.994
2.979,0.608,1.249,2.538,2.516,0.222,1.715,0.994
2.98,0.608,1.249,2.538,2.516,0.222,1.714,0.992
2.98,0.608,1.249,2.537,2.515,0.222,1.714,0.994
2.98,0.608,1.249,2.539,2.516,0.222,1.714,0.994
2.98,0.608,1.249,2.539,2.516,0.222,1.714,0.994
2.982,0.608,1.249,2.538,2.516,0.222,1.714,0.994
2.979,0.608,1.25,2.539,2.516,0.222,1.714,0.994
2.98,0.608,1.249,2.539,2.516,0.222,1.714,0.994
2.979,0.608,1.249,2.538,2.516,0.222,1.715,0.994
2.98,0.608,1.249,2.538,2.516,0.222,1.714,0.994
2.982,0.608,1.249,2.538,2.516,0.222,1.714,0.994
2.979,0.608,1.25,2.539,2.516,0.222,1.714,0.994
2.98,0.608,1.249,2.538,2.515,0.222,1.713,0.992
2.979,0.608,1.249,2.538,2.516,0.222,1.714,0.994
2.979,0.608,1.249,2.538,2.516,0.223,1.714,0.994
2.979,0.608,1.25,2.539,2.516,0.223,1.714,0.994
2.979,0.608,1.25,2.539,2.52,0.223,1.714,0.994
2.98,0.608,1.249,2.538,2.516,0.223,1.713,0.992
2.979,0.608,1.249,2.537,2.516,0.223,1.714,0.994
2.979,0.608,1.249,2.537,2.515,0.223,1.713,0.994
2.979,0.608,1.249,2.538,2.515,0.222,1.714,0.994
2.98,0.608,1.249,2.538,2.516,0.223,1.714,0.994
2.979,0.608,1.249,2.538,2.516,0.223,1.714,0.994
2.98,0.608,1.249,2.538,2.516,0.223,1.714,0.994
2.98,0.608,1.249,2.538,2.515,0.223,1.714,0.994
2.98,0.608,1.249,2.538,2.516,0.223,1.713,0.992
2.98,0.608,1.249,2.538,2.516,0.223,1.714,0.994
2.979,0.609,1.249,2.537,2.513,0.223,1.714,0.994
2.979,0.608,1.249,2.537,2.515,0.223,1.713,0.994
2.977,0.608,1.249,2.537,2.516,0.223,1.713,0.994
2.979,0.608,1.249,2.538,2.516,0.223,1.714,0.994
2.977,0.608,1.249,2.537,2.516,0.223,1.713,0.994
2.98,0.608,1.249,2.538,2.516,0.223,1.713,0.992
2.977,0.608,1.249,2.535,2.513,0.225,1.714,0.994
2.979,0.608,1.249,2.538,2.516,0.226,1.714,0.994
2.979,0.608,1.249,2.537,2.515,0.227,1.713,0.992
2.979,0.608,1.25,2.538,2.515,0.228,1.713,0.994
2.979,0.608,1.249,2.538,2.516,0.229,1.713,0.994
2.979,0.608,1.249,2.538,2.516,0.232,1.713,0.994
2.979,0.608,1.249,2.535,2.515,0.234,1.713,0.995
2.977,0.608,1.249,2.537,2.516,0.238,1.713,0.995
2.977,0.608,1.249,2.537,2.516,0.24,1.713,0.995
2.979,0.608,1.25,2.538,2.516,0.244,1.714,0.995
2.979,0.608,1.25,2.537,2.515,0.248,1.714,0.996
2.979,0.608,1.251,2.537,2.515,0.253,1.714,0.996
2.977,0.608,1.251,2.537,2.516,0.258,1.718,0.996
2.979,0.608,1.252,2.538,2.517,0.262,1.718,0.997
2.983,0.608,1.254,2.539,2.517,0.267,1.719,0.997
2.982,0.608,1.255,2.539,2.517,0.272,1.72,0.997
2.979,0.607,1.256,2.538,2.517,0.278,1.722,0.999
2.979,0.607,1.257,2.54,2.52,0.284,1.725,0.999
2.979,0.607,1.259,2.539,2.518,0.291,1.729,0.999
2.981,0.607,1.261,2.54,2.52,0.297,1.731,1
2.981,0.607,1.263,2.542,2.52,0.303,1.733,1
2.982,0.607,1.266,2.542,2.52,0.31,1.737,1
2.981,0.607,1.267,2.543,2.523,0.317,1.742,1.001
2.982,0.608,1.27,2.542,2.521,0.325,1.746,1.002
2.985,0.607,1.272,2.544,2.522,0.333,1.749,1.002
2.986,0.607,1.276,2.544,2.523,0.342,1.754,1.002
2.985,0.607,1.277,2.545,2.524,0.349,1.759,1.003
2.986,0.607,1.281,2.546,2.526,0.358,1.763,1.005
2.988,0.605,1.283,2.546,2.526,0.367,1.766,1.005
2.988,0.605,1.287,2.548,2.527,0.376,1.771,1.006
2.988,0.605,1.289,2.55,2.528,0.386,1.776,1.006
2.991,0.605,1.293,2.549,2.529,0.397,1.78,1.007
2.991,0.605,1.295,2.549,2.529,0.406,1.782,1.008
2.993,0.605,1.299,2.551,2.532,0.417,1.787,1.008
2.994,0.605,1.302,2.551,2.532,0.427,1.79,1.008
2.997,0.605,1.307,2.552,2.533,0.437,1.794,1.01
2.997,0.604,1.31,2.554,2.535,0.447,1.798,1.011
2.999,0.604,1.313,2.555,2.537,0.457,1.802,1.011
3,0.604,1.318,2.556,2.537,0.466,1.804,1.012
3.003,0.604,1.322,2.557,2.539,0.476,1.81,1.012
3.005,0.604,1.327,2.559,2.54,0.486,1.814,1.013
3.007,0.604,1.331,2.56,2.542,0.494,1.82,1.014
3.009,0.604,1.335,2.561,2.543,0.504,1.825,1.014
3.01,0.604,1.339,2.562,2.545,0.514,1.83,1.016
3.013,0.603,1.344,2.563,2.546,0.522,1.836,1.016
3.015,0.603,1.349,2.565,2.548,0.532,1.84,1.017
3.018,0.603,1.354,2.566,2.549,0.542,1.846,1.017
3.019,0.603,1.357,2.566,2.55,0.551,1.853,1.018
3.02,0.603,1.362,2.57,2.555,0.56,1.855,1.019
3.025,0.603,1.367,2.57,2.552,0.569,1.859,1.019
3.026,0.603,1.372,2.573,2.557,0.577,1.865,1.021
3.03,0.603,1.378,2.573,2.556,0.586,1.873,1.022
3.032,0.603,1.383,2.577,2.557,0.594,1.88,1.022
3.035,0.603,1.388,2.577,2.56,0.603,1.887,1.023
3.037,0.602,1.393,2.577,2.56,0.612,1.895,1.024
3.044,0.602,1.399,2.581,2.563,0.62,1.902,1.024
3.043,0.602,1.405,2.582,2.565,0.629,1.909,1.024
3.046,0.602,1.41,2.583,2.567,0.638,1.915,1.025
3.048,0.602,1.416,2.585,2.57,0.647,1.921,1.027
3.052,0.602,1.422,2.59,2.57,0.654,1.927,1.027
3.057,0.602,1.428,2.589,2.572,0.664,1.934,1.028
3.059,0.602,1.433,2.59,2.572,0.673,1.94,1.029
3.065,0.602,1.439,2.593,2.574,0.681,1.945,1.029
3.066,0.602,1.445,2.595,2.577,0.69,1.949,1.03
3.07,0.602,1.451,2.598,2.579,0.698,1.954,1.03
3.073,0.602,1.456,2.598,2.579,0.706,1.958,1.031
3.076,0.602,1.464,2.6,2.582,0.714,1.963,1.031
3.08,0.602,1.469,2.603,2.584,0.721,1.968,1.033
3.082,0.602,1.475,2.604,2.585,0.729,1.973,1.034
3.086,0.602,1.481,2.607,2.588,0.736,1.978,1.034
3.088,0.602,1.487,2.61,2.589,0.742,1.981,1.035
3.092,0.602,1.492,2.61,2.59,0.75,1.989,1.035
3.097,0.601,1.499,2.614,2.594,0.756,1.992,1.036
3.099,0.602,1.505,2.615,2.595,0.762,1.998,1.036
3.102,0.602,1.51,2.617,2.598,0.769,2.003,1.038
3.107,0.602,1.516,2.618,2.599,0.774,2.009,1.038
3.11,0.602,1.523,2.621,2.6,0.78,2.014,1.039
3.114,0.602,1.53,2.623,2.603,0.787,2.019,1.039
3.118,0.602,1.536,2.627,2.606,0.793,2.025,1.04
3.12,0.602,1.542,2.628,2.609,0.8,2.031,1.041
3.124,0.602,1.548,2.629,2.609,0.806,2.037,1.042
3.127,0.602,1.555,2.633,2.612,0.813,2.043,1.042
3.131,0.602,1.561,2.634,2.614,0.818,2.05,1.042
3.136,0.602,1.569,2.637,2.615,0.823,2.056,1.044
3.14,0.602,1.575,2.642,2.621,0.829,2.063,1.045
3.145,0.602,1.582,2.643,2.62,0.835,2.069,1.045
3.152,0.602,1.588,2.645,2.621,0.84,2.074,1.046
3.152,0.602,1.594,2.648,2.623,0.846,2.078,1.046
3.154,0.603,1.6,2.649,2.625,0.851,2.085,1.049
3.159,0.603,1.609,2.653,2.627,0.857,2.089,1.049
3.163,0.603,1.615,2.656,2.629,0.862,2.095,1.049
3.165,0.604,1.621,2.657,2.629,0.868,2.098,1.05
3.17,0.603,1.628,2.662,2.633,0.873,2.102,1.05
3.174,0.603,1.635,2.665,2.634,0.879,2.107,1.05
3.177,0.604,1.642,2.667,2.635,0.884,2.112,1.051
3.18,0.604,1.647,2.668,2.638,0.889,2.119,1.052
3.184,0.604,1.654,2.671,2.639,0.894,2.124,1.052
3.187,0.604,1.661,2.676,2.645,0.898,2.126,1.053
3.192,0.604,1.667,2.678,2.644,0.903,2.131,1.053
3.196,0.604,1.675,2.681,2.646,0.909,2.136,1.055
3.203,0.605,1.681,2.683,2.648,0.913,2.141,1.056
3.203,0.605,1.687,2.687,2.65,0.918,2.146,1.056
3.207,0.605,1.694,2.689,2.651,0.923,2.151,1.057
3.21,0.605,1.7,2.692,2.653,0.927,2.155,1.056
3.213,0.605,1.707,2.694,2.654,0.931,2.161,1.057
3.218,0.607,1.714,2.698,2.656,0.936,2.163,1.057
3.22,0.607,1.721,2.704,2.659,0.941,2.169,1.058
3.225,0.607,1.727,2.703,2.66,0.945,2.172,1.06
3.226,0.607,1.733,2.706,2.664,0.951,2.177,1.06
3.232,0.607,1.741,2.709,2.664,0.955,2.18,1.061
3.235,0.608,1.747,2.712,2.667,0.959,2.185,1.062
3.237,0.608,1.752,2.715,2.668,0.964,2.191,1.062
3.242,0.608,1.76,2.719,2.67,0.968,2.191,1.063
3.246,0.609,1.765,2.721,2.672,0.973,2.195,1.063
3.25,0.609,1.772,2.725,2.673,0.977,2.197,1.063
3.252,0.609,1.777,2.726,2.676,0.98,2.205,1.064
3.256,0.609,1.785,2.731,2.678,0.984,2.206,1.066
3.258,0.61,1.79,2.732,2.678,0.988,2.211,1.066
3.263,0.61,1.797,2.736,2.681,0.99,2.211,1.066
3.267,0.61,1.803,2.739,2.683,0.994,2.216,1.067
3.268,0.612,1.809,2.74,2.684,0.997,2.22,1.068
3.271,0.612,1.815,2.747,2.689,1.001,2.22,1.068
3.275,0.612,1.821,2.747,2.687,1.003,2.227,1.069
3.279,0.613,1.827,2.751,2.69,1.007,2.228,1.071
3.282,0.613,1.833,2.753,2.69,1.011,2.231,1.071
3.286,0.614,1.841,2.761,2.693,1.014,2.236,1.071
3.287,0.614,1.846,2.759,2.695,1.018,2.241,1.072
3.292,0.614,1.853,2.764,2.697,1.021,2.242,1.072
3.296,0.614,1.859,2.767,2.699,1.025,2.249,1.073
3.297,0.615,1.864,2.771,2.704,1.028,2.251,1.073
3.301,0.615,1.87,2.776,2.701,1.031,2.255,1.074
3.304,0.616,1.876,2.775,2.703,1.034,2.258,1.075
3.306,0.616,1.882,2.78,2.708,1.038,2.262,1.075
3.311,0.616,1.888,2.782,2.708,1.04,2.264,1.075
3.312,0.618,1.893,2.784,2.71,1.045,2.268,1.077
3.315,0.618,1.899,2.787,2.71,1.046,2.272,1.078
3.32,0.618,1.906,2.792,2.712,1.05,2.273,1.077
3.323,0.619,1.912,2.795,2.715,1.052,2.277,1.078
3.324,0.619,1.917,2.797,2.716,1.056,2.279,1.078
3.328,0.62,1.921,2.799,2.716,1.057,2.283,1.08
3.33,0.62,1.927,2.804,2.72,1.062,2.286,1.079
3.335,0.621,1.936,2.806,2.721,1.063,2.289,1.08
3.337,0.621,1.94,2.81,2.723,1.067,2.292,1.08
3.341,0.621,1.946,2.814,2.725,1.069,2.295,1.08
3.344,0.623,1.951,2.817,2.727,1.073,2.299,1.082
3.346,0.623,1.957,2.819,2.727,1.074,2.301,1.083
3.347,0.624,1.96,2.822,2.731,1.078,2.305,1.083
3.352,0.624,1.967,2.826,2.732,1.079,2.307,1.083
3.353,0.624,1.971,2.827,2.732,1.082,2.311,1.085
3.357,0.625,1.976,2.831,2.733,1.084,2.311,1.084
3.364,0.626,1.982,2.834,2.737,1.086,2.316,1.085
3.363,0.626,1.987,2.837,2.737,1.088,2.316,1.085
3.364,0.626,1.992,2.843,2.739,1.09,2.319,1.086
3.369,0.627,2.001,2.844,2.74,1.093,2.322,1.086
3.37,0.627,2.003,2.847,2.742,1.094,2.324,1.086
3.373,0.629,2.008,2.85,2.744,1.096,2.328,1.088
3.376,0.629,2.015,2.853,2.747,1.099,2.33,1.089
3.378,0.63,2.018,2.855,2.747,1.101,2.334,1.09
3.381,0.63,2.023,2.86,2.75,1.104,2.336,1.09
3.385,0.631,2.03,2.863,2.75,1.105,2.339,1.09
3.386,0.631,2.032,2.865,2.751,1.107,2.34,1.09
3.389,0.631,2.039,2.869,2.754,1.11,2.344,1.091
3.391,0.632,2.042,2.871,2.755,1.111,2.345,1.091
3.392,0.632,2.047,2.874,2.756,1.115,2.35,1.093
3.396,0.634,2.052,2.878,2.76,1.117,2.351,1.093
3.398,0.634,2.057,2.881,2.76,1.119,2.352,1.093
3.401,0.635,2.062,2.885,2.762,1.122,2.356,1.094
3.403,0.635,2.067,2.887,2.765,1.124,2.358,1.095
3.405,0.636,2.069,2.888,2.765,1.127,2.36,1.096
3.408,0.636,2.075,2.893,2.767,1.129,2.361,1.095
3.411,0.636,2.08,2.896,2.769,1.132,2.363,1.096
3.412,0.637,2.083,2.897,2.77,1.135,2.367,1.099
3.413,0.638,2.087,2.903,2.772,1.138,2.368,1.097
3.419,0.638,2.092,2.904,2.773,1.14,2.371,1.099
3.419,0.64,2.096,2.906,2.773,1.141,2.373,1.1
3.422,0.64,2.101,2.91,2.777,1.144,2.374,1.1
3.424,0.641,2.104,2.914,2.778,1.146,2.377,1.1
3.427,0.641,2.109,2.916,2.78,1.147,2.378,1.1
3.429,0.642,2.115,2.919,2.781,1.15,2.379,1.101
3.429,0.642,2.115,2.921,2.783,1.154,2.382,1.101
3.431,0.643,2.119,2.925,2.786,1.155,2.383,1.101
3.437,0.643,2.128,2.927,2.786,1.156,2.385,1.102
3.436,0.645,2.128,2.928,2.786,1.158,2.385,1.104
3.44,0.645,2.133,2.933,2.788,1.16,2.388,1.104
3.441,0.646,2.136,2.938,2.789,1.162,2.39,1.104
3.444,0.646,2.14,2.939,2.792,1.165,2.393,1.105
3.446,0.647,2.144,2.942,2.794,1.167,2.394,1.105
3.448,0.647,2.147,2.943,2.793,1.168,2.395,1.105
3.45,0.648,2.151,2.947,2.797,1.171,2.397,1.106
3.451,0.649,2.153,2.948,2.795,1.171,2.399,1.106
3.455,0.649,2.158,2.953,2.799,1.173,2.401,1.106
3.456,0.649,2.162,2.959,2.8,1.174,2.404,1.107
3.457,0.651,2.164,2.959,2.805,1.176,2.406,1.107
3.459,0.651,2.168,2.959,2.803,1.177,2.41,1.108
3.462,0.652,2.173,2.966,2.804,1.178,2.411,1.108
3.463,0.653,2.174,2.965,2.805,1.179,2.413,1.11
3.467,0.653,2.179,2.97,2.808,1.18,2.416,1.11
3.468,0.654,2.183,2.971,2.809,1.183,2.418,1.11
3.468,0.654,2.185,2.975,2.811,1.184,2.421,1.111
3.47,0.656,2.187,2.975,2.81,1.185,2.424,1.112
3.474,0.656,2.192,2.98,2.812,1.187,2.424,1.111
3.475,0.657,2.195,2.982,2.815,1.188,2.428,1.112
3.477,0.658,2.198,2.983,2.815,1.189,2.429,1.113
3.479,0.658,2.201,2.987,2.816,1.19,2.43,1.113
3.48,0.659,2.205,2.988,2.817,1.191,2.433,1.113
3.481,0.659,2.207,2.991,2.819,1.193,2.437,1.115
3.483,0.66,2.209,2.994,2.822,1.196,2.437,1.115
3.485,0.66,2.213,2.997,2.823,1.196,2.438,1.115
3.489,0.662,2.217,2.999,2.823,1.196,2.439,1.116
3.489,0.662,2.219,3.002,2.826,1.2,2.441,1.116
3.495,0.663,2.223,3.004,2.826,1.2,2.444,1.117
3.494,0.664,2.225,3.007,2.827,1.2,2.444,1.116
3.496,0.664,2.229,3.01,2.828,1.202,2.445,1.117
3.496,0.665,2.231,3.013,2.831,1.204,2.448,1.118
3.499,0.667,2.234,3.014,2.831,1.204,2.449,1.118
3.505,0.667,2.236,3.018,2.833,1.205,2.451,1.119
3.502,0.667,2.24,3.02,2.834,1.206,2.452,1.119
3.503,0.668,2.242,3.021,2.834,1.206,2.452,1.119
3.506,0.668,2.245,3.025,2.837,1.207,2.455,1.119
3.508,0.669,2.249,3.027,2.838,1.208,2.456,1.119
3.508,0.67,2.251,3.032,2.839,1.21,2.458,1.121
3.51,0.671,2.252,3.031,2.839,1.21,2.461,1.121
3.513,0.671,2.256,3.035,2.843,1.212,2.462,1.122
3.514,0.671,2.258,3.037,2.843,1.212,2.463,1.122
3.516,0.673,2.261,3.038,2.844,1.213,2.467,1.123
3.517,0.674,2.263,3.041,2.845,1.215,2.468,1.123
3.518,0.675,2.266,3.042,2.845,1.216,2.468,1.123
3.521,0.675,2.268,3.046,2.849,1.217,2.471,1.124
3.521,0.676,2.269,3.047,2.848,1.217,2.472,1.124
3.523,0.676,2.273,3.051,2.852,1.219,2.474,1.125
3.525,0.677,2.275,3.053,2.853,1.221,2.476,1.125
3.525,0.677,2.277,3.053,2.852,1.221,2.478,1.127
3.527,0.679,2.279,3.055,2.853,1.222,2.478,1.127
3.53,0.68,2.284,3.059,2.855,1.223,2.48,1.127
3.529,0.68,2.284,3.06,2.855,1.224,2.483,1.127
3.533,0.681,2.286,3.063,2.856,1.224,2.483,1.127
3.531,0.681,2.289,3.065,2.86,1.228,2.485,1.128
3.535,0.682,2.291,3.069,2.861,1.228,2.488,1.128
3.538,0.684,2.294,3.07,2.861,1.228,2.489,1.129
3.538,0.684,2.296,3.073,2.863,1.229,2.491,1.129
3.538,0.685,2.297,3.074,2.864,1.232,2.494,1.129
3.539,0.686,2.299,3.075,2.865,1.232,2.494,1.129
3.542,0.686,2.302,3.079,2.865,1.232,2.494,1.129
3.541,0.687,2.303,3.081,2.869,1.234,2.496,1.13
3.547,0.688,2.306,3.082,2.869,1.234,2.499,1.132
3.547,0.688,2.31,3.086,2.87,1.235,2.499,1.13
3.547,0.69,2.312,3.09,2.871,1.235,2.501,1.132
3.549,0.691,2.312,3.088,2.871,1.237,2.502,1.133
3.551,0.691,2.317,3.091,2.872,1.238,2.505,1.133
3.552,0.691,2.317,3.093,2.874,1.238,2.505,1.133
3.552,0.693,2.318,3.094,2.874,1.238,2.506,1.133
3.555,0.693,2.321,3.098,2.877,1.24,2.509,1.134
3.556,0.693,2.323,3.099,2.877,1.24,2.51,1.134
3.555,0.695,2.323,3.101,2.878,1.243,2.511,1.134
3.558,0.696,2.328,3.104,2.88,1.243,2.513,1.135
3.56,0.696,2.329,3.107,2.881,1.243,2.515,1.135
3.561,0.697,2.333,3.108,2.882,1.244,2.516,1.135
3.562,0.698,2.332,3.11,2.883,1.244,2.518,1.136
3.563,0.698,2.334,3.112,2.885,1.245,2.518,1.136
3.563,0.699,2.334,3.112,2.885,1.245,2.522,1.136
3.566,0.699,2.338,3.115,2.886,1.246,2.521,1.136
3.566,0.701,2.339,3.118,2.888,1.248,2.523,1.138
3.568,0.702,2.341,3.12,2.888,1.248,2.523,1.138
3.569,0.703,2.343,3.12,2.888,1.249,2.524,1.139
3.571,0.703,2.345,3.123,2.889,1.249,2.526,1.139
3.571,0.704,2.345,3.124,2.891,1.25,2.529,1.14
3.573,0.704,2.349,3.127,2.893,1.251,2.529,1.139
3.572,0.706,2.349,3.127,2.893,1.252,2.534,1.14
3.574,0.707,2.351,3.131,2.896,1.252,2.533,1.14
3.577,0.707,2.352,3.132,2.896,1.252,2.532,1.14
3.578,0.708,2.355,3.135,2.897,1.252,2.534,1.14
3.579,0.708,2.356,3.137,2.899,1.254,2.535,1.141
3.58,0.709,2.358,3.138,2.899,1.254,2.537,1.141
3.584,0.71,2.36,3.14,2.9,1.255,2.539,1.143
3.582,0.71,2.361,3.141,2.9,1.255,2.539,1.143
3.584,0.712,2.363,3.145,2.903,1.256,2.542,1.143
3.585,0.713,2.365,3.146,2.903,1.257,2.543,1.143
3.584,0.714,2.365,3.146,2.903,1.257,2.544,1.145
3.584,0.714,2.367,3.149,2.909,1.259,2.545,1.144
3.586,0.715,2.369,3.153,2.905,1.26,2.548,1.145
3.589,0.715,2.371,3.153,2.906,1.26,2.548,1.145
3.589,0.717,2.371,3.153,2.906,1.261,2.549,1.145
3.593,0.718,2.373,3.156,2.909,1.262,2.551,1.146
3.591,0.718,2.374,3.158,2.91,1.262,2.552,1.145
3.591,0.719,2.374,3.158,2.91,1.263,2.556,1.146
3.594,0.72,2.377,3.162,2.913,1.265,2.556,1.146
3.595,0.72,2.378,3.162,2.911,1.265,2.556,1.146
3.594,0.721,2.379,3.165,2.917,1.266,2.559,1.147
3.597,0.723,2.382,3.167,2.914,1.266,2.559,1.147
3.596,0.723,2.382,3.167,2.916,1.267,2.561,1.147
3.6,0.724,2.384,3.17,2.916,1.267,2.561,1.147
3.6,0.725,2.385,3.171,2.919,1.268,2.563,1.149
3.599,0.725,2.385,3.171,2.919,1.268,2.567,1.149
3.601,0.726,2.388,3.174,2.919,1.268,2.565,1.15
3.604,0.728,2.389,3.176,2.921,1.27,2.567,1.15
3.602,0.728,2.389,3.177,2.925,1.27,2.568,1.15
3.604,0.729,2.39,3.177,2.922,1.271,2.572,1.151
3.604,0.73,2.391,3.179,2.922,1.271,2.572,1.151
3.606,0.73,2.394,3.182,2.925,1.272,2.572,1.151
3.607,0.731,2.395,3.184,2.926,1.272,2.573,1.152
3.608,0.731,2.396,3.186,2.926,1.272,2.573,1.152
3.608,0.734,2.396,3.186,2.926,1.272,2.574,1.152
3.61,0.734,2.399,3.188,2.928,1.273,2.576,1.152
3.61,0.735,2.399,3.19,2.93,1.276,2.577,1.154
3.613,0.735,2.401,3.192,2.931,1.274,2.577,1.154
3.613,0.736,2.402,3.192,2.93,1.274,2.578,1.154
3.613,0.737,2.404,3.195,2.932,1.276,2.581,1.155
3.613,0.737,2.404,3.195,2.931,1.276,2.583,1.156
3.616,0.739,2.406,3.198,2.935,1.277,2.583,1.155
3.617,0.74,2.406,3.198,2.933,1.276,2.583,1.155
3.617,0.74,2.407,3.199,2.935,1.277,2.584,1.155
3.618,0.741,2.41,3.201,2.936,1.278,2.587,1.156
3.619,0.742,2.412,3.203,2.937,1.278,2.588,1.156
3.621,0.742,2.411,3.204,2.937,1.278,2.588,1.156
3.619,0.743,2.411,3.204,2.938,1.281,2.593,1.157
3.621,0.745,2.412,3.206,2.938,1.279,2.59,1.157
3.624,0.745,2.413,3.208,2.939,1.281,2.593,1.157
3.624,0.746,2.416,3.209,2.941,1.281,2.594,1.158
3.622,0.747,2.415,3.21,2.941,1.282,2.598,1.158
3.624,0.747,2.417,3.213,2.943,1.282,2.595,1.158
3.625,0.748,2.419,3.214,2.943,1.282,2.596,1.158
3.624,0.75,2.417,3.214,2.944,1.284,2.598,1.158
3.628,0.75,2.419,3.217,2.944,1.283,2.598,1.158
3.628,0.751,2.421,3.218,2.947,1.284,2.601,1.16
3.628,0.753,2.421,3.218,2.946,1.283,2.601,1.161
3.629,0.752,2.422,3.22,2.948,1.284,2.604,1.161
3.633,0.753,2.423,3.221,2.948,1.284,2.605,1.161
3.632,0.754,2.424,3.224,2.949,1.284,2.605,1.161
3.633,0.754,2.426,3.225,2.95,1.284,2.607,1.161
3.633,0.756,2.426,3.226,2.95,1.285,2.609,1.162
3.632,0.757,2.427,3.228,2.955,1.285,2.609,1.162
3.633,0.758,2.427,3.228,2.95,1.284,2.61,1.162
3.634,0.758,2.428,3.23,2.953,1.285,2.612,1.162
3.634,0.759,2.428,3.23,2.954,1.287,2.612,1.163
3.635,0.759,2.432,3.236,2.954,1.285,2.614,1.163
3.636,0.76,2.43,3.232,2.954,1.285,2.614,1.165
3.638,0.762,2.432,3.234,2.954,1.287,2.615,1.163
3.639,0.762,2.433,3.236,2.958,1.287,2.616,1.163
3.639,0.763,2.434,3.237,2.957,1.287,2.616,1.163
3.639,0.765,2.434,3.237,2.957,1.287,2.618,1.165
3.641,0.764,2.435,3.24,2.959,1.288,2.62,1.165
3.641,0.765,2.437,3.241,2.959,1.288,2.62,1.165
3.641,0.767,2.437,3.242,2.961,1.289,2.622,1.166
3.641,0.767,2.437,3.242,2.963,1.29,2.622,1.166
3.647,0.768,2.438,3.245,2.961,1.289,2.625,1.167
3.645,0.768,2.44,3.246,2.963,1.289,2.623,1.166
3.644,0.769,2.439,3.245,2.963,1.29,2.629,1.167
3.644,0.77,2.44,3.247,2.965,1.292,2.627,1.167
3.646,0.771,2.443,3.25,2.965,1.29,2.628,1.167
3.645,0.771,2.441,3.25,2.969,1.29,2.629,1.168
3.647,0.773,2.443,3.251,2.965,1.29,2.629,1.168
3.646,0.774,2.444,3.253,2.968,1.292,2.631,1.168
3.649,0.774,2.445,3.254,2.968,1.292,2.632,1.168
3.65,0.775,2.446,3.256,2.969,1.293,2.633,1.169
3.649,0.776,2.445,3.254,2.969,1.293,2.637,1.169
3.651,0.776,2.448,3.257,2.97,1.293,2.633,1.169
3.651,0.778,2.448,3.258,2.97,1.293,2.634,1.169
3.651,0.779,2.448,3.258,2.97,1.293,2.635,1.169
3.654,0.779,2.45,3.26,2.972,1.294,2.637,1.171
3.652,0.78,2.449,3.262,2.976,1.294,2.638,1.171
3.655,0.781,2.45,3.263,2.974,1.294,2.638,1.171
3.655,0.782,2.451,3.263,2.974,1.294,2.639,1.171
3.654,0.784,2.45,3.263,2.974,1.295,2.644,1.172
3.656,0.784,2.452,3.265,2.975,1.295,2.642,1.172
3.656,0.785,2.452,3.267,2.976,1.295,2.643,1.173
3.657,0.785,2.454,3.267,2.976,1.295,2.643,1.172
3.657,0.786,2.455,3.268,2.977,1.295,2.643,1.172
3.658,0.787,2.455,3.269,2.977,1.295,2.644,1.173
3.658,0.789,2.455,3.27,2.979,1.296,2.646,1.174
3.658,0.789,2.456,3.275,2.979,1.296,2.648,1.174
3.657,0.79,2.456,3.271,2.981,1.298,2.648,1.174
3.66,0.79,2.457,3.274,2.981,1.298,2.649,1.174
3.658,0.791,2.457,3.274,2.982,1.298,2.65,1.174
3.66,0.792,2.457,3.274,2.982,1.299,2.65,1.174
3.662,0.793,2.458,3.276,2.983,1.299,2.653,1.176
3.663,0.793,2.46,3.276,2.982,1.299,2.651,1.174
3.663,0.795,2.461,3.279,2.985,1.3,2.654,1.176
3.665,0.795,2.461,3.28,2.985,1.3,2.654,1.176
3.662,0.796,2.461,3.281,2.988,1.302,2.655,1.177
3.665,0.797,2.462,3.282,2.986,1.301,2.656,1.177
3.663,0.797,2.462,3.281,2.986,1.301,2.657,1.177
3.665,0.798,2.463,3.282,2.987,1.301,2.659,1.177
3.671,0.8,2.463,3.284,2.987,1.301,2.66,1.178
3.665,0.8,2.463,3.284,2.987,1.301,2.662,1.178
3.666,0.801,2.463,3.284,2.988,1.301,2.664,1.178
3.667,0.802,2.465,3.286,2.99,1.301,2.662,1.178
3.668,0.802,2.466,3.286,2.988,1.3,2.661,1.178
3.668,0.803,2.467,3.289,2.991,1.301,2.665,1.178
3.668,0.804,2.466,3.287,2.99,1.301,2.666,1.179
3.669,0.804,2.468,3.291,2.992,1.301,2.666,1.179
3.668,0.806,2.467,3.291,2.993,1.302,2.666,1.179
3.671,0.807,2.468,3.291,2.991,1.301,2.666,1.179
3.671,0.807,2.469,3.292,2.992,1.302,2.667,1.179
3.672,0.808,2.471,3.295,2.993,1.302,2.67,1.18
3.671,0.808,2.469,3.293,2.993,1.304,2.671,1.18
3.672,0.809,2.471,3.296,2.996,1.304,2.672,1.18
3.672,0.811,2.471,3.296,2.997,1.305,2.672,1.18
3.674,0.811,2.472,3.297,2.996,1.305,2.672,1.18
3.673,0.812,2.472,3.301,2.996,1.305,2.673,1.182
3.674,0.812,2.473,3.3,2.997,1.305,2.675,1.182
3.677,0.813,2.477,3.3,2.997,1.306,2.676,1.182
3.676,0.814,2.473,3.3,2.997,1.305,2.675,1.182
3.676,0.815,2.474,3.301,2.998,1.306,2.677,1.183
3.676,0.817,2.474,3.301,2.998,1.306,2.677,1.183
3.676,0.817,2.474,3.301,2.998,1.306,2.681,1.184
3.677,0.818,2.476,3.303,3,1.306,2.681,1.184
3.676,0.818,2.476,3.303,3,1.307,2.681,1.184
3.679,0.818,2.477,3.306,3,1.306,2.681,1.184
3.678,0.819,2.477,3.306,3.002,1.307,2.682,1.184
3.682,0.82,2.477,3.307,3.002,1.307,2.683,1.184
3.678,0.822,2.477,3.307,3.004,1.307,2.683,1.184
3.678,0.822,2.477,3.307,3.003,1.309,2.684,1.185
3.678,0.823,2.478,3.308,3.004,1.309,2.686,1.185
3.679,0.824,2.478,3.309,3.004,1.309,2.686,1.185
3.682,0.824,2.48,3.312,3.005,1.309,2.687,1.185
3.682,0.825,2.48,3.311,3.004,1.307,2.687,1.185
3.682,0.826,2.48,3.312,3.005,1.309,2.689,1.187
3.682,0.826,2.482,3.315,3.005,1.309,2.69,1.187
3.683,0.828,2.48,3.312,3.005,1.309,2.69,1.187
3.683,0.829,2.482,3.314,3.008,1.31,2.692,1.187
3.684,0.829,2.483,3.315,3.008,1.309,2.692,1.187
3.684,0.83,2.483,3.315,3.009,1.31,2.693,1.188
3.689,0.83,2.483,3.317,3.009,1.309,2.694,1.188
3.683,0.831,2.482,3.315,3.009,1.31,2.694,1.188
3.685,0.833,2.484,3.318,3.01,1.31,2.695,1.188
3.685,0.833,2.484,3.319,3.01,1.31,2.697,1.189
3.687,0.834,2.484,3.319,3.009,1.309,2.695,1.188
3.685,0.834,2.485,3.323,3.01,1.31,2.697,1.189
3.685,0.835,2.484,3.32,3.013,1.311,2.698,1.189
3.688,0.835,2.487,3.322,3.013,1.31,2.698,1.189
3.688,0.836,2.485,3.32,3.011,1.31,2.699,1.19
3.687,0.837,2.485,3.322,3.013,1.311,2.704,1.189
3.688,0.839,2.487,3.324,3.014,1.311,2.701,1.19
3.688,0.839,2.487,3.323,3.015,1.312,2.701,1.19
3.688,0.84,2.487,3.324,3.015,1.312,2.701,1.19
3.689,0.84,2.487,3.324,3.014,1.311,2.703,1.191
3.691,0.841,2.489,3.326,3.016,1.311,2.704,1.19
3.689,0.842,2.488,3.325,3.015,1.311,2.705,1.193
3.696,0.842,2.489,3.328,3.016,1.312,2.705,1.191
3.691,0.844,2.49,3.329,3.016,1.312,2.705,1.191
3.691,0.845,2.489,3.328,3.016,1.312,2.706,1.191
3.69,0.845,2.489,3.328,3.018,1.313,2.709,1.191
3.691,0.846,2.489,3.329,3.018,1.313,2.711,1.193
3.693,0.846,2.491,3.331,3.019,1.313,2.71,1.193
3.694,0.847,2.491,3.331,3.018,1.312,2.709,1.193
3.693,0.848,2.491,3.331,3.02,1.313,2.711,1.193
3.693,0.848,2.491,3.334,3.021,1.313,2.711,1.193
3.694,0.848,2.493,3.334,3.021,1.313,2.712,1.193
3.695,0.85,2.495,3.334,3.02,1.313,2.714,1.194
3.695,0.851,2.494,3.335,3.021,1.315,2.715,1.194
3.695,0.851,2.494,3.335,3.02,1.313,2.714,1.194
3.696,0.852,2.494,3.336,3.021,1.315,2.714,1.194
3.695,0.853,2.494,3.336,3.022,1.315,2.716,1.195
3.696,0.853,2.495,3.337,3.022,1.315,2.716,1.194
3.698,0.854,2.495,3.337,3.024,1.315,2.717,1.195
3.695,0.856,2.495,3.34,3.026,1.315,2.717,1.195
3.696,0.856,2.495,3.339,3.025,1.315,2.719,1.195
3.696,0.857,2.495,3.34,3.027,1.315,2.719,1.195
3.698,0.857,2.496,3.34,3.025,1.315,2.72,1.196
3.698,0.858,2.496,3.339,3.024,1.313,2.72,1.196
3.698,0.858,2.498,3.342,3.026,1.313,2.721,1.196
3.699,0.859,2.498,3.342,3.027,1.315,2.722,1.196
3.698,0.859,2.498,3.341,3.025,1.313,2.723,1.198
3.7,0.861,2.499,3.344,3.027,1.315,2.722,1.196
3.7,0.861,2.499,3.344,3.027,1.315,2.723,1.196
3.701,0.862,2.499,3.344,3.027,1.315,2.723,1.196
3.701,0.862,2.5,3.345,3.029,1.315,2.725,1.198
3.7,0.864,2.499,3.344,3.027,1.315,2.726,1.198
3.699,0.864,2.5,3.346,3.032,1.315,2.727,1.198
3.701,0.865,2.5,3.346,3.03,1.316,2.728,1.198
3.702,0.865,2.501,3.346,3.029,1.315,2.727,1.198
3.7,0.867,2.5,3.346,3.031,1.317,2.728,1.199
3.702,0.867,2.501,3.347,3.03,1.315,2.728,1.198
3.702,0.868,2.501,3.348,3.031,1.316,2.731,1.199
3.702,0.868,2.501,3.347,3.03,1.315,2.731,1.2
3.702,0.87,2.501,3.347,3.03,1.315,2.731,1.2
3.704,0.869,2.502,3.35,3.032,1.316,2.731,1.199
3.704,0.87,2.502,3.35,3.031,1.315,2.732,1.199
3.702,0.872,2.502,3.352,3.036,1.316,2.733,1.2
3.704,0.872,2.502,3.351,3.032,1.315,2.732,1.2
3.704,0.874,2.502,3.351,3.032,1.315,2.734,1.2
3.705,0.873,2.504,3.353,3.035,1.316,2.736,1.2
3.706,0.874,2.507,3.352,3.033,1.316,2.736,1.201
3.704,0.875,2.502,3.352,3.036,1.317,2.736,1.201
3.704,0.875,2.504,3.353,3.037,1.316,2.737,1.201
3.705,0.876,2.504,3.352,3.035,1.315,2.738,1.202
3.704,0.876,2.505,3.354,3.04,1.315,2.738,1.201
3.708,0.878,2.505,3.354,3.036,1.315,2.739,1.201
3.706,0.879,2.505,3.354,3.035,1.315,2.738,1.201
3.71,0.879,2.505,3.356,3.037,1.316,2.74,1.202
3.71,0.88,2.506,3.356,3.037,1.316,2.74,1.202
3.705,0.88,2.505,3.356,3.037,1.316,2.74,1.202
3.707,0.88,2.506,3.358,3.038,1.316,2.742,1.202
3.706,0.881,2.506,3.357,3.037,1.316,2.743,1.202
3.706,0.883,2.506,3.357,3.038,1.316,2.742,1.202
3.707,0.883,2.507,3.359,3.04,1.316,2.744,1.204
3.707,0.885,2.506,3.358,3.037,1.316,2.743,1.204
3.707,0.884,2.506,3.358,3.038,1.316,2.745,1.205
3.708,0.885,2.509,3.363,3.04,1.316,2.745,1.204
3.71,0.885,2.509,3.361,3.04,1.316,2.745,1.204
3.707,0.886,2.507,3.361,3.042,1.317,2.745,1.204
3.71,0.886,2.509,3.362,3.041,1.317,2.745,1.204
3.71,0.887,2.509,3.362,3.042,1.317,2.748,1.205
3.71,0.889,2.509,3.362,3.041,1.318,2.748,1.205
3.71,0.889,2.51,3.363,3.042,1.32,2.749,1.205
3.711,0.889,2.51,3.363,3.042,1.32,2.748,1.205
3.711,0.89,2.51,3.364,3.042,1.32,2.749,1.205
3.711,0.891,2.51,3.364,3.043,1.32,2.75,1.205
3.711,0.891,2.51,3.365,3.043,1.32,2.75,1.205
3.711,0.892,2.51,3.364,3.042,1.32,2.75,1.205
3.716,0.892,2.51,3.365,3.043,1.321,2.753,1.206
3.712,0.894,2.511,3.367,3.044,1.321,2.753,1.206
3.711,0.894,2.51,3.364,3.043,1.321,2.754,1.207
3.712,0.895,2.511,3.365,3.043,1.32,2.753,1.206
3.713,0.896,2.515,3.367,3.044,1.321,2.754,1.207
3.712,0.896,2.511,3.365,3.044,1.321,2.756,1.208
3.717,0.897,2.511,3.367,3.046,1.321,2.756,1.207
3.713,0.897,2.512,3.369,3.047,1.321,2.756,1.207
3.715,0.897,2.512,3.369,3.046,1.321,2.755,1.207
3.715,0.898,2.513,3.369,3.046,1.321,2.756,1.207
3.715,0.898,2.513,3.37,3.047,1.321,2.758,1.207
3.713,0.9,2.512,3.37,3.048,1.322,2.759,1.208
3.715,0.901,2.512,3.369,3.046,1.321,2.758,1.208
3.716,0.901,2.513,3.37,3.048,1.322,2.76,1.208
3.715,0.902,2.513,3.372,3.048,1.322,2.76,1.208
3.715,0.902,2.513,3.372,3.049,1.322,2.761,1.208
3.713,0.903,2.512,3.372,3.049,1.322,2.761,1.208
3.716,0.903,2.515,3.373,3.049,1.322,2.762,1.208
3.713,0.905,2.513,3.372,3.049,1.323,2.761,1.208
3.716,0.905,2.513,3.372,3.048,1.322,2.761,1.208
3.716,0.906,2.515,3.374,3.051,1.322,2.764,1.21
3.716,0.906,2.515,3.374,3.051,1.322,2.765,1.21
3.717,0.907,2.515,3.373,3.049,1.321,2.764,1.21
3.716,0.908,2.515,3.373,3.049,1.321,2.765,1.211
3.716,0.908,2.515,3.374,3.053,1.321,2.765,1.21
3.717,0.909,2.516,3.375,3.052,1.322,2.766,1.211
3.718,0.909,2.516,3.375,3.051,1.321,2.765,1.21
3.716,0.911,2.516,3.379,3.052,1.321,2.767,1.211
3.716,0.911,2.515,3.376,3.057,1.321,2.767,1.211
3.717,0.912,2.516,3.379,3.052,1.322,2.769,1.211
3.717,0.912,2.516,3.379,3.055,1.322,2.769,1.211
3.718,0.914,2.516,3.375,3.052,1.322,2.769,1.212
3.718,0.913,2.517,3.378,3.054,1.322,2.77,1.212
3.718,0.914,2.517,3.379,3.054,1.323,2.771,1.212
3.718,0.916,2.516,3.376,3.052,1.322,2.77,1.212
3.719,0.916,2.517,3.378,3.053,1.322,2.77,1.212
3.718,0.916,2.517,3.381,3.054,1.323,2.772,1.212
3.719,0.917,2.517,3.379,3.053,1.322,2.771,1.212
3.721,0.917,2.518,3.379,3.054,1.323,2.772,1.212
3.718,0.918,2.517,3.38,3.057,1.323,2.773,1.212
3.718,0.918,2.517,3.381,3.055,1.323,2.773,1.213
3.718,0.919,2.517,3.38,3.057,1.322,2.773,1.213
3.721,0.919,2.518,3.38,3.054,1.322,2.773,1.213
3.721,0.919,2.52,3.381,3.055,1.322,2.775,1.213
3.722,0.92,2.518,3.381,3.057,1.322,2.776,1.213
3.719,0.922,2.518,3.38,3.054,1.322,2.776,1.215
3.719,0.922,2.518,3.38,3.055,1.322,2.777,1.216
3.721,0.922,2.52,3.383,3.058,1.322,2.777,1.215
3.722,0.923,2.52,3.384,3.058,1.323,2.778,1.213
3.721,0.924,2.52,3.383,3.058,1.322,2.778,1.215
3.721,0.924,2.52,3.386,3.057,1.322,2.778,1.215
3.721,0.924,2.518,3.381,3.057,1.323,2.781,1.215
3.721,0.925,2.521,3.389,3.058,1.322,2.78,1.215
3.721,0.925,2.52,3.385,3.062,1.322,2.781,1.215
3.723,0.925,2.521,3.385,3.058,1.322,2.78,1.215
3.722,0.927,2.521,3.385,3.059,1.323,2.782,1.216
3.723,0.928,2.521,3.385,3.058,1.322,2.781,1.215
3.721,0.928,2.52,3.384,3.059,1.323,2.783,1.216
3.723,0.928,2.521,3.386,3.059,1.322,2.782,1.216
3.723,0.929,2.521,3.385,3.058,1.322,2.783,1.216
3.722,0.93,2.522,3.387,3.059,1.322,2.784,1.216
3.724,0.93,2.522,3.387,3.06,1.322,2.784,1.216
3.722,0.931,2.521,3.386,3.062,1.323,2.786,1.217
3.723,0.931,2.521,3.385,3.059,1.322,2.786,1.217
3.724,0.931,2.522,3.387,3.06,1.322,2.786,1.216
3.724,0.933,2.522,3.387,3.062,1.323,2.787,1.217
3.724,0.933,2.522,3.389,3.06,1.323,2.787,1.217
3.724,0.934,2.523,3.389,3.062,1.323,2.788,1.217
3.724,0.934,2.523,3.389,3.062,1.323,2.788,1.217
3.726,0.934,2.523,3.389,3.062,1.323,2.788,1.217
3.724,0.936,2.522,3.387,3.06,1.323,2.789,1.218
3.724,0.936,2.523,3.39,3.063,1.324,2.791,1.218
3.726,0.936,2.523,3.389,3.062,1.323,2.789,1.217
3.723,0.937,2.522,3.39,3.065,1.324,2.791,1.218
3.724,0.939,2.523,3.39,3.063,1.324,2.792,1.218
3.724,0.939,2.522,3.389,3.062,1.324,2.792,1.218
3.724,0.939,2.523,3.39,3.063,1.324,2.793,1.218
3.724,0.94,2.522,3.389,3.062,1.324,2.794,1.219
3.726,0.94,2.524,3.391,3.064,1.324,2.793,1.218
3.724,0.941,2.523,3.391,3.066,1.324,2.794,1.219
3.724,0.941,2.523,3.39,3.063,1.324,2.795,1.219
3.726,0.944,2.523,3.39,3.063,1.324,2.795,1.219
3.727,0.942,2.527,3.391,3.064,1.324,2.795,1.219
3.727,0.944,2.524,3.391,3.063,1.324,2.794,1.219
3.726,0.944,2.524,3.394,3.065,1.324,2.797,1.219
3.729,0.945,2.524,3.392,3.065,1.326,2.797,1.221
3.727,0.944,2.526,3.394,3.065,1.326,2.797,1.219
3.729,0.945,2.524,3.392,3.065,1.326,2.798,1.221
3.727,0.946,2.524,3.392,3.064,1.324,2.797,1.221
3.728,0.946,2.526,3.395,3.065,1.324,2.798,1.221
3.728,0.946,2.526,3.394,3.065,1.324,2.798,1.221
3.728,0.947,2.526,3.395,3.066,1.324,2.799,1.221
3.727,0.948,2.524,3.394,3.066,1.324,2.803,1.221
3.728,0.948,2.526,3.395,3.065,1.324,2.799,1.221
3.727,0.95,2.524,3.394,3.065,1.324,2.8,1.222
3.728,0.95,2.526,3.395,3.066,1.324,2.802,1.222
3.728,0.95,2.526,3.395,3.068,1.324,2.803,1.222
3.73,0.951,2.526,3.395,3.066,1.324,2.803,1.222
3.728,0.951,2.526,3.396,3.068,1.324,2.804,1.222
3.729,0.952,2.526,3.395,3.066,1.324,2.803,1.222
3.728,0.953,2.526,3.395,3.066,1.324,2.804,1.222
3.727,0.953,2.526,3.396,3.069,1.327,2.805,1.222
3.729,0.953,2.527,3.397,3.069,1.326,2.805,1.222
3.729,0.955,2.526,3.396,3.066,1.326,2.805,1.223
3.73,0.953,2.527,3.397,3.069,1.326,2.806,1.222
3.729,0.955,2.527,3.397,3.068,1.326,2.806,1.222
3.729,0.955,2.527,3.398,3.069,1.327,2.809,1.223
3.729,0.956,2.527,3.398,3.069,1.327,2.809,1.223
3.728,0.957,2.528,3.401,3.069,1.327,2.809,1.223
3.728,0.957,2.527,3.398,3.071,1.327,2.81,1.223
3.73,0.957,2.528,3.398,3.069,1.327,2.81,1.223
3.73,0.958,2.528,3.398,3.07,1.327,2.811,1.223
3.728,0.958,2.527,3.398,3.07,1.327,2.81,1.223
3.73,0.958,2.528,3.4,3.07,1.327,2.811,1.223
3.73,0.959,2.528,3.4,3.07,1.327,2.812,1.224
3.73,0.959,2.528,3.4,3.07,1.327,2.812,1.224
3.73,0.961,2.528,3.4,3.069,1.326,2.811,1.224
3.73,0.962,2.529,3.4,3.07,1.327,2.812,1.224
3.73,0.962,2.529,3.4,3.07,1.327,2.814,1.224
3.729,0.962,2.527,3.4,3.071,1.328,2.814,1.224
3.73,0.963,2.528,3.401,3.071,1.327,2.815,1.224
3.732,0.963,2.528,3.4,3.07,1.327,2.812,1.224
3.732,0.963,2.529,3.402,3.071,1.327,2.815,1.224
3.73,0.966,2.528,3.4,3.07,1.327,2.815,1.226
3.732,0.964,2.529,3.401,3.071,1.327,2.814,1.224
3.73,0.966,2.529,3.402,3.074,1.327,2.815,1.226
3.733,0.966,2.529,3.402,3.071,1.327,2.815,1.226
3.73,0.967,2.529,3.403,3.075,1.327,2.816,1.226
3.732,0.968,2.529,3.401,3.07,1.327,2.815,1.226
3.732,0.967,2.529,3.403,3.073,1.327,2.817,1.226
3.732,0.968,2.529,3.403,3.073,1.327,2.817,1.227
3.732,0.969,2.529,3.401,3.071,1.326,2.817,1.227
3.733,0.969,2.531,3.403,3.073,1.327,2.817,1.227
3.732,0.969,2.531,3.407,3.073,1.326,2.819,1.227
3.733,0.97,2.533,3.403,3.073,1.326,2.82,1.227
3.733,0.97,2.531,3.403,3.073,1.326,2.819,1.227
3.733,0.97,2.531,3.405,3.074,1.326,2.82,1.227
3.732,0.972,2.529,3.402,3.073,1.326,2.822,1.229
3.733,0.973,2.531,3.403,3.073,1.326,2.82,1.227
3.732,0.973,2.529,3.402,3.073,1.326,2.822,1.229
3.733,0.973,2.531,3.405,3.074,1.327,2.822,1.228
3.733,0.974,2.531,3.405,3.074,1.326,2.823,1.228
3.733,0.974,2.531,3.405,3.075,1.326,2.823,1.228
3.733,0.975,2.531,3.405,3.075,1.326,2.825,1.228
3.734,0.975,2.532,3.406,3.075,1.326,2.823,1.228
3.732,0.975,2.531,3.403,3.074,1.326,2.826,1.228
3.732,0.977,2.531,3.403,3.074,1.326,2.827,1.228
3.734,0.977,2.532,3.407,3.075,1.326,2.826,1.228
3.735,0.977,2.532,3.406,3.075,1.326,2.825,1.228
3.734,0.978,2.532,3.406,3.075,1.326,2.825,1.228
3.735,0.979,2.534,3.406,3.075,1.326,2.827,1.229
3.735,0.979,2.532,3.407,3.076,1.326,2.827,1.229
3.734,0.98,2.532,3.406,3.075,1.324,2.827,1.229
3.733,0.98,2.532,3.408,3.075,1.326,2.828,1.229
3.733,0.98,2.531,3.406,3.075,1.326,2.83,1.229
3.733,0.981,2.531,3.407,3.079,1.326,2.828,1.229
3.733,0.981,2.531,3.406,3.076,1.326,2.831,1.229
3.733,0.981,2.532,3.407,3.077,1.327,2.83,1.229
3.735,0.983,2.532,3.407,3.075,1.324,2.828,1.229
3.734,0.983,2.532,3.408,3.077,1.326,2.831,1.23
3.735,0.983,2.532,3.407,3.076,1.324,2.83,1.229
3.733,0.984,2.532,3.407,3.076,1.326,2.831,1.23
3.735,0.985,2.532,3.407,3.076,1.324,2.831,1.23
3.735,0.985,2.533,3.409,3.077,1.326,2.832,1.23
3.734,0.985,2.532,3.407,3.077,1.328,2.836,1.23
3.735,0.985,2.533,3.409,3.079,1.327,2.833,1.23
3.735,0.986,2.533,3.408,3.076,1.326,2.832,1.23
3.737,0.986,2.533,3.408,3.077,1.327,2.832,1.23
3.735,0.988,2.533,3.409,3.079,1.327,2.834,1.232
3.735,0.988,2.533,3.413,3.077,1.327,2.833,1.232
3.737,0.988,2.533,3.409,3.077,1.327,2.833,1.23
3.734,0.989,2.532,3.409,3.081,1.327,2.834,1.232
3.737,0.989,2.533,3.409,3.079,1.327,2.833,1.232
3.735,0.989,2.533,3.408,3.077,1.327,2.834,1.233
3.735,0.99,2.534,3.413,3.079,1.327,2.836,1.232
3.737,0.99,2.534,3.411,3.08,1.327,2.836,1.232
3.738,0.991,2.533,3.409,3.079,1.327,2.837,1.233
3.737,0.991,2.534,3.409,3.079,1.326,2.836,1.232
3.738,0.992,2.537,3.411,3.079,1.327,2.837,1.233
3.737,0.992,2.534,3.412,3.08,1.327,2.837,1.233
3.735,0.992,2.533,3.409,3.079,1.326,2.838,1.234
3.737,0.994,2.533,3.409,3.079,1.326,2.838,1.234
3.735,0.994,2.533,3.409,3.079,1.328,2.841,1.233
3.738,0.994,2.534,3.412,3.08,1.327,2.838,1.233
3.738,0.994,2.534,3.412,3.08,1.327,2.838,1.233
3.737,0.996,2.534,3.411,3.079,1.326,2.839,1.233
3.738,0.995,2.534,3.412,3.08,1.327,2.839,1.233
3.738,0.996,2.534,3.412,3.08,1.327,2.839,1.233
3.735,0.996,2.534,3.413,3.083,1.327,2.841,1.233
3.735,0.997,2.533,3.411,3.081,1.327,2.842,1.233
3.738,0.997,2.534,3.412,3.081,1.327,2.843,1.234
3.738,0.999,2.534,3.412,3.08,1.326,2.842,1.234
3.738,0.999,2.535,3.413,3.081,1.327,2.844,1.234
3.737,0.999,2.533,3.411,3.08,1.327,2.844,1.234
3.738,1.001,2.534,3.412,3.08,1.326,2.843,1.235
3.737,1,2.535,3.418,3.081,1.327,2.844,1.234
3.739,1,2.535,3.414,3.082,1.327,2.844,1.234
3.739,1,2.535,3.413,3.081,1.327,2.844,1.234
3.739,1.001,2.535,3.413,3.081,1.327,2.844,1.234
3.737,1.001,2.534,3.412,3.081,1.328,2.848,1.235
3.739,1.002,2.535,3.414,3.082,1.327,2.845,1.235
3.739,1.002,2.535,3.414,3.082,1.328,2.847,1.235
3.74,1.003,2.538,3.414,3.082,1.327,2.847,1.235
3.739,1.003,2.535,3.414,3.083,1.327,2.847,1.235
3.739,1.005,2.535,3.413,3.081,1.326,2.847,1.235
3.739,1.005,2.539,3.414,3.082,1.327,2.848,1.235
3.739,1.005,2.535,3.414,3.082,1.326,2.847,1.235
3.74,1.005,2.535,3.414,3.082,1.326,2.847,1.235
3.739,1.006,2.535,3.416,3.083,1.327,2.849,1.237
3.738,1.006,2.535,3.414,3.083,1.327,2.849,1.237
3.739,1.007,2.535,3.414,3.083,1.327,2.85,1.237
3.739,1.007,2.537,3.416,3.083,1.327,2.85,1.237
3.739,1.007,2.537,3.416,3.083,1.326,2.85,1.237
3.739,1.008,2.535,3.414,3.082,1.326,2.849,1.237
3.739,1.008,2.535,3.414,3.082,1.326,2.849,1.237
3.739,1.008,2.539,3.417,3.083,1.326,2.852,1.237
3.74,1.008,2.537,3.416,3.083,1.326,2.85,1.237
3.74,1.01,2.537,3.416,3.083,1.326,2.85,1.237
3.74,1.01,2.537,3.417,3.085,1.327,2.852,1.237
3.745,1.011,2.537,3.416,3.083,1.327,2.853,1.238
3.74,1.011,2.537,3.417,3.085,1.327,2.853,1.238
3.74,1.011,2.537,3.417,3.083,1.326,2.853,1.237
3.741,1.011,2.537,3.417,3.085,1.326,2.853,1.237
3.74,1.012,2.537,3.416,3.083,1.326,2.853,1.238
3.74,1.013,2.539,3.417,3.085,1.327,2.855,1.238
3.74,1.014,2.537,3.416,3.083,1.326,2.854,1.238
3.74,1.013,2.537,3.417,3.086,1.327,2.856,1.238
3.739,1.014,2.535,3.417,3.086,1.327,2.855,1.238
3.741,1.013,2.538,3.418,3.085,1.327,2.855,1.238
3.741,1.014,2.538,3.418,3.086,1.327,2.856,1.238
3.74,1.014,2.538,3.418,3.086,1.327,2.858,1.238
3.74,1.016,2.538,3.418,3.086,1.327,2.858,1.239
3.74,1.017,2.537,3.417,3.085,1.327,2.858,1.24
3.743,1.017,2.537,3.418,3.086,1.327,2.859,1.239
3.741,1.017,2.537,3.417,3.085,1.327,2.858,1.239
3.74,1.017,2.537,3.417,3.085,1.327,2.859,1.24
3.741,1.018,2.538,3.417,3.085,1.327,2.858,1.239
3.74,1.018,2.538,3.418,3.087,1.328,2.86,1.239
3.741,1.018,2.538,3.419,3.087,1.328,2.86,1.239
3.741,1.018,2.538,3.419,3.087,1.328,2.859,1.239
3.741,1.019,2.539,3.419,3.087,1.328,2.86,1.239
3.74,1.019,2.537,3.417,3.086,1.328,2.861,1.241
3.741,1.021,2.538,3.418,3.086,1.328,2.86,1.239
3.741,1.022,2.538,3.418,3.086,1.328,2.86,1.24
3.741,1.022,2.538,3.419,3.087,1.328,2.863,1.24
3.743,1.022,2.54,3.419,3.087,1.328,2.863,1.24
3.74,1.022,2.537,3.418,3.087,1.328,2.866,1.24
3.743,1.022,2.538,3.419,3.087,1.327,2.861,1.24
3.74,1.023,2.538,3.419,3.091,1.328,2.863,1.24
3.74,1.023,2.538,3.418,3.087,1.328,2.865,1.24
3.74,1.024,2.538,3.419,3.091,1.327,2.864,1.24
3.74,1.024,2.538,3.419,3.091,1.327,2.864,1.241
3.741,1.024,2.539,3.419,3.088,1.328,2.865,1.241
3.74,1.025,2.539,3.42,3.092,1.328,2.865,1.241
3.743,1.024,2.539,3.42,3.088,1.327,2.865,1.24
3.741,1.025,2.539,3.42,3.09,1.328,2.866,1.241
3.741,1.027,2.539,3.42,3.088,1.328,2.866,1.241
3.743,1.027,2.542,3.42,3.088,1.328,2.866,1.241
3.743,1.027,2.539,3.42,3.088,1.327,2.865,1.241
3.741,1.028,2.538,3.419,3.087,1.328,2.866,1.243
3.743,1.028,2.539,3.422,3.09,1.328,2.869,1.241
3.743,1.028,2.539,3.422,3.09,1.328,2.867,1.241
3.743,1.028,2.539,3.422,3.09,1.328,2.869,1.241
3.744,1.028,2.54,3.422,3.09,1.328,2.867,1.241
3.743,1.029,2.539,3.422,3.09,1.328,2.87,1.243
3.743,1.029,2.54,3.422,3.091,1.328,2.87,1.243
3.743,1.03,2.54,3.422,3.09,1.328,2.87,1.243
3.744,1.03,2.54,3.422,3.09,1.327,2.87,1.241
3.748,1.031,2.539,3.422,3.09,1.328,2.871,1.243
3.744,1.03,2.54,3.422,3.091,1.328,2.871,1.243
3.743,1.033,2.539,3.42,3.088,1.327,2.871,1.243
3.743,1.033,2.539,3.42,3.09,1.327,2.871,1.243
3.743,1.034,2.539,3.42,3.088,1.328,2.872,1.244
3.744,1.031,2.54,3.423,3.091,1.328,2.872,1.243
3.744,1.033,2.54,3.423,3.091,1.328,2.872,1.243
3.743,1.034,2.54,3.422,3.091,1.329,2.874,1.244
3.743,1.034,2.54,3.423,3.091,1.328,2.874,1.243
3.741,1.034,2.539,3.422,3.092,1.329,2.874,1.244
3.743,1.034,2.539,3.42,3.09,1.328,2.874,1.245
3.744,1.035,2.54,3.423,3.092,1.328,2.875,1.244
3.744,1.035,2.54,3.423,3.091,1.328,2.874,1.243
3.741,1.035,2.539,3.42,3.09,1.328,2.876,1.244
3.743,1.036,2.54,3.423,3.092,1.328,2.876,1.244
3.748,1.036,2.54,3.423,3.091,1.328,2.876,1.244
3.744,1.036,2.542,3.423,3.092,1.328,2.875,1.244
3.744,1.036,2.54,3.423,3.091,1.327,2.875,1.244
3.743,1.038,2.54,3.423,3.092,1.328,2.877,1.244
3.743,1.038,2.542,3.424,3.091,1.328,2.877,1.245
3.743,1.039,2.54,3.423,3.092,1.328,2.877,1.245
3.744,1.038,2.542,3.424,3.092,1.328,2.877,1.244
3.744,1.039,2.542,3.424,3.091,1.328,2.877,1.244
3.744,1.039,2.542,3.424,3.092,1.328,2.878,1.244
3.744,1.04,2.542,3.424,3.092,1.328,2.878,1.245
3.743,1.04,2.54,3.422,3.091,1.328,2.878,1.246
3.745,1.04,2.544,3.423,3.092,1.329,2.88,1.245
3.743,1.04,2.542,3.424,3.092,1.329,2.88,1.245
3.744,1.04,2.542,3.424,3.092,1.328,2.878,1.245
3.745,1.041,2.54,3.423,3.092,1.329,2.88,1.245
3.744,1.041,2.542,3.424,3.092,1.329,2.88,1.245
3.743,1.042,2.54,3.423,3.091,1.328,2.882,1.245
3.744,1.042,2.542,3.424,3.092,1.328,2.88,1.245
3.744,1.042,2.542,3.424,3.092,1.328,2.881,1.245
3.743,1.042,2.54,3.423,3.092,1.329,2.881,1.246
3.744,1.045,2.54,3.423,3.091,1.327,2.881,1.246
3.743,1.044,2.54,3.424,3.093,1.331,2.882,1.246
3.748,1.045,2.542,3.424,3.092,1.328,2.883,1.246
3.744,1.046,2.542,3.423,3.091,1.328,2.882,1.248
3.744,1.045,2.54,3.423,3.091,1.328,2.885,1.248
3.746,1.046,2.542,3.424,3.092,1.328,2.885,1.246
3.748,1.046,2.542,3.424,3.092,1.329,2.885,1.246
3.745,1.046,2.543,3.425,3.093,1.329,2.883,1.246
3.745,1.046,2.543,3.425,3.093,1.329,2.885,1.246
3.744,1.046,2.542,3.424,3.092,1.328,2.883,1.246
3.745,1.046,2.543,3.425,3.093,1.329,2.885,1.246
3.744,1.047,2.542,3.425,3.093,1.329,2.886,1.248
3.745,1.047,2.543,3.425,3.093,1.329,2.885,1.246
3.743,1.049,2.54,3.424,3.093,1.331,2.886,1.248
3.743,1.049,2.54,3.423,3.092,1.331,2.888,1.248
3.745,1.049,2.543,3.424,3.092,1.329,2.885,1.246
3.744,1.049,2.544,3.427,3.092,1.331,2.887,1.248
3.748,1.05,2.542,3.425,3.093,1.331,2.887,1.248
3.744,1.05,2.542,3.424,3.092,1.329,2.886,1.248
3.743,1.05,2.542,3.424,3.092,1.331,2.889,1.248
3.744,1.05,2.542,3.425,3.093,1.331,2.888,1.249
3.744,1.051,2.542,3.424,3.092,1.329,2.887,1.248
3.745,1.051,2.543,3.425,3.093,1.331,2.888,1.248
3.743,1.051,2.542,3.424,3.092,1.329,2.889,1.249
3.743,1.051,2.542,3.428,3.093,1.329,2.888,1.249
3.745,1.051,2.543,3.425,3.093,1.329,2.888,1.248
3.744,1.052,2.543,3.427,3.094,1.329,2.889,1.249
3.744,1.053,2.542,3.424,3.092,1.328,2.888,1.25
3.745,1.052,2.543,3.427,3.094,1.328,2.889,1.249
3.744,1.053,2.542,3.424,3.092,1.328,2.892,1.249
3.743,1.053,2.542,3.424,3.093,1.329,2.892,1.249
3.745,1.053,2.543,3.427,3.094,1.328,2.891,1.249
3.744,1.055,2.543,3.429,3.093,1.328,2.891,1.249
3.745,1.055,2.543,3.427,3.093,1.328,2.891,1.249
3.744,1.055,2.542,3.424,3.093,1.329,2.896,1.249
3.749,1.056,2.543,3.425,3.094,1.329,2.893,1.249
3.745,1.056,2.543,3.425,3.093,1.328,2.891,1.249
3.745,1.056,2.543,3.427,3.093,1.329,2.892,1.249
3.745,1.056,2.543,3.427,3.094,1.329,2.892,1.249
3.746,1.057,2.543,3.425,3.094,1.329,2.894,1.25
3.75,1.057,2.545,3.425,3.094,1.329,2.894,1.25
3.746,1.057,2.543,3.427,3.094,1.329,2.893,1.249
3.745,1.057,2.543,3.427,3.093,1.328,2.893,1.25
3.743,1.057,2.542,3.428,3.097,1.329,2.894,1.25
3.743,1.058,2.542,3.427,3.097,1.329,2.894,1.25
3.746,1.057,2.543,3.427,3.094,1.329,2.894,1.25
3.746,1.058,2.543,3.427,3.094,1.328,2.894,1.25
3.746,1.058,2.543,3.428,3.096,1.329,2.894,1.25
3.745,1.06,2.543,3.425,3.093,1.328,2.894,1.25
3.745,1.06,2.543,3.428,3.096,1.329,2.896,1.25
3.744,1.06,2.542,3.425,3.094,1.328,2.898,1.251
3.745,1.061,2.544,3.43,3.094,1.328,2.897,1.251
3.745,1.061,2.543,3.425,3.093,1.328,2.896,1.251
3.745,1.061,2.543,3.428,3.096,1.328,2.897,1.251
3.746,1.061,2.543,3.427,3.094,1.327,2.896,1.25
3.744,1.061,2.542,3.425,3.096,1.328,2.899,1.251
3.744,1.062,2.542,3.425,3.096,1.328,2.897,1.251
3.746,1.062,2.544,3.428,3.096,1.327,2.897,1.251
3.745,1.062,2.543,3.428,3.096,1.327,2.899,1.251
3.745,1.062,2.543,3.428,3.096,1.327,2.899,1.251
3.745,1.063,2.543,3.428,3.096,1.327,2.899,1.251
3.745,1.063,2.543,3.428,3.096,1.327,2.899,1.251
3.744,1.063,2.542,3.425,3.094,1.327,2.9,1.251
3.746,1.063,2.544,3.428,3.096,1.327,2.899,1.251
3.746,1.064,2.543,3.428,3.096,1.327,2.9,1.251
3.746,1.064,2.544,3.428,3.096,1.327,2.9,1.251
3.746,1.064,2.544,3.428,3.096,1.327,2.9,1.251
3.746,1.064,2.543,3.427,3.094,1.327,2.899,1.251
3.746,1.064,2.544,3.428,3.096,1.327,2.9,1.251
3.745,1.066,2.543,3.428,3.096,1.328,2.902,1.252
3.749,1.067,2.543,3.428,3.096,1.328,2.903,1.252
3.744,1.067,2.542,3.427,3.096,1.328,2.902,1.252
3.746,1.066,2.544,3.428,3.096,1.327,2.9,1.252
3.745,1.067,2.543,3.427,3.094,1.327,2.903,1.254
3.745,1.067,2.543,3.427,3.094,1.327,2.903,1.254
3.748,1.068,2.543,3.428,3.096,1.328,2.903,1.252
3.746,1.068,2.543,3.427,3.094,1.327,2.902,1.252
3.746,1.068,2.544,3.429,3.097,1.328,2.904,1.252
3.745,1.068,2.543,3.429,3.099,1.327,2.904,1.252
3.746,1.069,2.543,3.427,3.094,1.327,2.903,1.254
3.746,1.068,2.544,3.429,3.097,1.327,2.904,1.252
3.746,1.069,2.544,3.428,3.096,1.327,2.903,1.252
3.745,1.069,2.544,3.43,3.097,1.327,2.905,1.254
3.745,1.069,2.543,3.427,3.096,1.328,2.908,1.252
3.746,1.069,2.544,3.429,3.096,1.327,2.904,1.252
3.746,1.071,2.544,3.429,3.097,1.327,2.905,1.254
3.749,1.071,2.543,3.428,3.097,1.327,2.906,1.254
3.745,1.071,2.543,3.427,3.096,1.328,2.908,1.254
3.744,1.072,2.543,3.428,3.097,1.327,2.906,1.254
3.746,1.072,2.544,3.429,3.096,1.327,2.905,1.252
3.746,1.072,2.544,3.429,3.097,1.327,2.906,1.254
3.746,1.072,2.544,3.429,3.097,1.327,2.906,1.254
3.746,1.072,2.544,3.429,3.097,1.328,2.906,1.254
3.748,1.073,2.543,3.428,3.097,1.327,2.908,1.254
3.744,1.073,2.543,3.428,3.097,1.327,2.908,1.254
3.746,1.073,2.544,3.428,3.096,1.327,2.906,1.254
3.748,1.073,2.544,3.429,3.097,1.327,2.906,1.254
3.746,1.074,2.543,3.428,3.096,1.326,2.908,1.255
3.745,1.074,2.544,3.433,3.097,1.327,2.909,1.255
3.748,1.074,2.544,3.429,3.097,1.327,2.908,1.254
3.745,1.074,2.544,3.433,3.097,1.327,2.909,1.255
3.745,1.074,2.543,3.429,3.098,1.327,2.909,1.255
3.745,1.075,2.543,3.428,3.097,1.327,2.909,1.255
3.749,1.075,2.544,3.429,3.097,1.327,2.91,1.255
3.746,1.075,2.544,3.429,3.096,1.326,2.909,1.254
3.745,1.075,2.543,3.428,3.096,1.326,2.914,1.255
3.744,1.077,2.543,3.428,3.098,1.327,2.91,1.255
3.745,1.077,2.544,3.43,3.101,1.326,2.91,1.255
3.746,1.077,2.544,3.429,3.097,1.327,2.911,1.255
3.748,1.077,2.545,3.43,3.097,1.326,2.91,1.255
3.748,1.077,2.545,3.429,3.097,1.326,2.91,1.255
3.748,1.077,2.544,3.43,3.097,1.327,2.911,1.255
3.746,1.078,2.544,3.43,3.098,1.327,2.913,1.255
3.748,1.078,2.544,3.43,3.098,1.327,2.911,1.255
3.748,1.078,2.544,3.43,3.097,1.326,2.913,1.255
3.746,1.079,2.544,3.429,3.096,1.326,2.911,1.255
3.749,1.079,2.544,3.429,3.097,1.326,2.914,1.256
3.746,1.079,2.544,3.429,3.097,1.326,2.914,1.256
3.749,1.079,2.544,3.429,3.097,1.326,2.914,1.256
3.746,1.079,2.544,3.43,3.098,1.326,2.914,1.255
3.746,1.08,2.544,3.43,3.098,1.326,2.915,1.256
3.75,1.08,2.548,3.429,3.097,1.326,2.915,1.256
3.749,1.08,2.544,3.429,3.097,1.326,2.915,1.256
3.745,1.08,2.543,3.429,3.098,1.327,2.915,1.256
3.746,1.082,2.544,3.429,3.097,1.327,2.916,1.256
3.745,1.08,2.543,3.428,3.096,1.328,2.917,1.256
3.746,1.082,2.544,3.429,3.097,1.328,2.916,1.256
3.745,1.082,2.544,3.43,3.102,1.328,2.916,1.256
3.746,1.083,2.544,3.428,3.096,1.327,2.916,1.256
3.746,1.082,2.544,3.429,3.096,1.327,2.915,1.256
3.748,1.082,2.545,3.429,3.097,1.327,2.916,1.256
3.748,1.082,2.545,3.43,3.097,1.327,2.916,1.256
3.748,1.083,2.545,3.43,3.097,1.327,2.916,1.256
3.748,1.083,2.544,3.429,3.097,1.327,2.916,1.256
3.745,1.083,2.543,3.428,3.097,1.328,2.919,1.256
3.746,1.084,2.544,3.429,3.097,1.327,2.916,1.256
3.746,1.084,2.544,3.43,3.098,1.327,2.919,1.257
3.748,1.084,2.545,3.43,3.097,1.327,2.917,1.256
3.748,1.084,2.545,3.43,3.097,1.327,2.917,1.256
3.746,1.085,2.544,3.43,3.098,1.327,2.92,1.257
3.746,1.085,2.544,3.43,3.098,1.327,2.92,1.257
3.746,1.085,2.545,3.43,3.098,1.327,2.919,1.257
3.746,1.085,2.544,3.43,3.098,1.327,2.92,1.257
3.746,1.085,2.545,3.43,3.098,1.327,2.92,1.257
3.745,1.085,2.544,3.429,3.097,1.327,2.92,1.257
3.746,1.086,2.545,3.43,3.098,1.327,2.921,1.257
3.75,1.086,2.546,3.429,3.097,1.327,2.92,1.257
3.748,1.086,2.545,3.43,3.097,1.326,2.919,1.256
3.745,1.086,2.544,3.428,3.096,1.327,2.921,1.259
3.746,1.086,2.545,3.43,3.098,1.327,2.921,1.257
3.748,1.086,2.545,3.43,3.098,1.327,2.921,1.257
3.748,1.086,2.545,3.43,3.097,1.327,2.92,1.257
3.746,1.088,2.545,3.43,3.098,1.327,2.922,1.257
3.749,1.088,2.544,3.43,3.097,1.327,2.922,1.259
3.746,1.088,2.545,3.429,3.097,1.327,2.921,1.257
3.746,1.088,2.545,3.43,3.098,1.327,2.922,1.257
3.748,1.088,2.545,3.43,3.097,1.327,2.921,1.257
3.746,1.089,2.544,3.43,3.097,1.327,2.924,1.259
3.749,1.089,2.545,3.43,3.097,1.327,2.924,1.259
3.746,1.09,2.544,3.429,3.096,1.327,2.922,1.259
3.745,1.09,2.545,3.434,3.097,1.327,2.924,1.259
3.746,1.09,2.545,3.43,3.098,1.327,2.925,1.259
3.746,1.09,2.546,3.429,3.097,1.327,2.925,1.259
3.745,1.09,2.544,3.429,3.097,1.328,2.928,1.259
3.746,1.09,2.545,3.43,3.098,1.328,2.926,1.259
3.746,1.09,2.545,3.43,3.098,1.328,2.926,1.259
3.749,1.091,2.545,3.43,3.097,1.328,2.926,1.259
3.745,1.091,2.544,3.429,3.098,1.327,2.925,1.259
3.749,1.091,2.545,3.43,3.098,1.328,2.926,1.259
3.746,1.091,2.545,3.429,3.097,1.327,2.925,1.259
3.748,1.091,2.545,3.43,3.097,1.327,2.925,1.259
3.746,1.093,2.545,3.429,3.097,1.326,2.925,1.259
3.748,1.091,2.545,3.43,3.097,1.326,2.926,1.259
3.746,1.093,2.545,3.43,3.098,1.326,2.927,1.259
3.745,1.093,2.544,3.43,3.101,1.326,2.926,1.259
3.748,1.093,2.545,3.43,3.098,1.326,2.926,1.259
3.748,1.093,2.545,3.43,3.098,1.324,2.926,1.259
3.748,1.093,2.545,3.43,3.097,1.324,2.926,1.259
3.746,1.095,2.545,3.429,3.096,1.324,2.926,1.26
3.746,1.094,2.545,3.43,3.098,1.324,2.928,1.26
3.748,1.094,2.545,3.43,3.098,1.324,2.927,1.259
3.746,1.095,2.545,3.429,3.096,1.324,2.927,1.26
3.746,1.095,2.545,3.43,3.098,1.324,2.928,1.26
3.746,1.095,2.545,3.43,3.098,1.324,2.928,1.26
3.746,1.095,2.545,3.43,3.097,1.324,2.927,1.26
3.746,1.095,2.545,3.43,3.098,1.326,2.928,1.26
3.745,1.095,2.544,3.43,3.101,1.326,2.928,1.26
3.746,1.096,2.545,3.429,3.097,1.324,2.927,1.26
3.746,1.096,2.545,3.43,3.098,1.326,2.93,1.26
3.746,1.096,2.545,3.43,3.098,1.327,2.93,1.26
3.746,1.096,2.545,3.43,3.098,1.326,2.93,1.26
3.746,1.096,2.545,3.43,3.098,1.327,2.93,1.26
3.748,1.096,2.545,3.431,3.098,1.326,2.93,1.26
3.745,1.097,2.544,3.429,3.098,1.328,2.93,1.26
3.745,1.097,2.546,3.431,3.098,1.327,2.93,1.26
3.746,1.097,2.545,3.43,3.098,1.327,2.931,1.261
3.746,1.097,2.545,3.43,3.097,1.326,2.93,1.26
3.748,1.097,2.545,3.43,3.097,1.327,2.93,1.26
3.746,1.099,2.545,3.429,3.097,1.327,2.93,1.26
3.746,1.1,2.545,3.429,3.097,1.327,2.931,1.261
3.745,1.099,2.545,3.431,3.099,1.327,2.931,1.261
3.749,1.099,2.545,3.43,3.098,1.328,2.932,1.261
3.748,1.099,2.545,3.43,3.098,1.327,2.931,1.26
3.748,1.099,2.545,3.43,3.098,1.327,2.931,1.26
3.746,1.1,2.545,3.43,3.098,1.328,2.932,1.261
3.748,1.1,2.548,3.43,3.098,1.328,2.932,1.261
3.745,1.1,2.544,3.43,3.099,1.327,2.932,1.261
3.746,1.1,2.545,3.43,3.098,1.328,2.933,1.261
3.746,1.101,2.545,3.429,3.097,1.327,2.932,1.262
3.746,1.1,2.545,3.431,3.098,1.327,2.932,1.261
3.746,1.1,2.545,3.431,3.098,1.327,2.932,1.261
3.748,1.101,2.548,3.43,3.098,1.327,2.933,1.261
3.745,1.101,2.544,3.429,3.097,1.327,2.937,1.261
3.746,1.101,2.545,3.43,3.099,1.327,2.935,1.261
3.746,1.101,2.544,3.429,3.097,1.326,2.933,1.262
3.745,1.101,2.544,3.429,3.098,1.327,2.933,1.261
3.745,1.101,2.544,3.429,3.098,1.328,2.936,1.261
3.748,1.101,2.545,3.431,3.098,1.326,2.933,1.261
3.746,1.102,2.545,3.431,3.099,1.326,2.935,1.261
3.748,1.102,2.545,3.43,3.098,1.324,2.933,1.261
3.748,1.102,2.545,3.431,3.099,1.324,2.935,1.261
3.746,1.104,2.545,3.43,3.099,1.324,2.936,1.262
3.749,1.104,2.545,3.43,3.098,1.324,2.936,1.262
3.745,1.104,2.544,3.43,3.101,1.326,2.936,1.262
3.748,1.104,2.545,3.431,3.099,1.324,2.936,1.262
3.746,1.104,2.545,3.431,3.099,1.324,2.937,1.262
3.745,1.104,2.544,3.431,3.102,1.323,2.937,1.262
3.746,1.104,2.544,3.429,3.098,1.323,2.937,1.263
3.748,1.104,2.545,3.431,3.099,1.323,2.936,1.262
3.745,1.105,2.544,3.429,3.099,1.324,2.937,1.262
3.748,1.105,2.545,3.43,3.099,1.323,2.937,1.262
3.746,1.105,2.546,3.435,3.099,1.324,2.938,1.262
3.746,1.106,2.545,3.429,3.098,1.323,2.937,1.262
3.746,1.106,2.545,3.431,3.099,1.324,2.938,1.262
3.746,1.106,2.545,3.43,3.099,1.324,2.939,1.262
3.75,1.106,2.548,3.43,3.099,1.324,2.939,1.263
3.748,1.106,2.545,3.43,3.099,1.324,2.939,1.263
3.746,1.106,2.544,3.429,3.098,1.324,2.939,1.263
3.746,1.106,2.544,3.429,3.098,1.324,2.939,1.265
3.746,1.107,2.545,3.431,3.101,1.326,2.939,1.263
3.748,1.107,2.545,3.431,3.099,1.324,2.938,1.262
3.745,1.107,2.544,3.43,3.101,1.326,2.939,1.263
3.748,1.108,2.545,3.43,3.098,1.324,2.938,1.263
3.746,1.108,2.546,3.431,3.099,1.324,2.939,1.263
3.746,1.11,2.545,3.43,3.098,1.324,2.939,1.263
3.746,1.108,2.544,3.43,3.098,1.324,2.939,1.265
3.748,1.108,2.545,3.43,3.098,1.324,2.939,1.263
3.745,1.108,2.544,3.43,3.101,1.326,2.941,1.263
3.748,1.108,2.545,3.431,3.101,1.324,2.941,1.263
3.75,1.11,2.549,3.431,3.099,1.323,2.942,1.263
3.746,1.11,2.544,3.43,3.099,1.324,2.941,1.263
3.746,1.11,2.544,3.43,3.099,1.323,2.943,1.265
3.748,1.11,2.545,3.431,3.099,1.322,2.941,1.263
3.748,1.11,2.545,3.43,3.099,1.322,2.941,1.263
3.748,1.11,2.545,3.431,3.101,1.323,2.943,1.265
3.748,1.11,2.545,3.433,3.101,1.323,2.943,1.263
3.749,1.111,2.545,3.431,3.101,1.323,2.943,1.265
3.748,1.111,2.545,3.431,3.101,1.323,2.943,1.265
3.749,1.111,2.545,3.431,3.101,1.323,2.943,1.265
3.748,1.111,2.545,3.431,3.101,1.323,2.944,1.265
3.748,1.112,2.545,3.431,3.101,1.323,2.944,1.265
3.748,1.112,2.545,3.431,3.101,1.323,2.944,1.265
3.746,1.112,2.544,3.43,3.099,1.323,2.947,1.265
3.748,1.112,2.545,3.433,3.102,1.323,2.944,1.265
3.749,1.112,2.545,3.431,3.099,1.322,2.943,1.263
3.746,1.113,2.544,3.431,3.102,1.322,2.944,1.265
3.748,1.113,2.544,3.43,3.099,1.322,2.946,1.265
3.749,1.113,2.545,3.431,3.101,1.322,2.944,1.263
3.748,1.113,2.545,3.431,3.099,1.322,2.944,1.265
3.748,1.113,2.546,3.431,3.101,1.323,2.946,1.265
3.748,1.115,2.545,3.431,3.099,1.323,2.944,1.265
3.749,1.113,2.545,3.431,3.101,1.323,2.944,1.265
3.749,1.115,2.545,3.431,3.101,1.324,2.947,1.266
3.749,1.115,2.545,3.433,3.102,1.324,2.947,1.265
3.749,1.115,2.545,3.433,3.102,1.324,2.946,1.265
3.749,1.115,2.545,3.433,3.102,1.324,2.946,1.265
3.749,1.115,2.545,3.433,3.102,1.324,2.947,1.265
3.75,1.116,2.549,3.431,3.101,1.324,2.948,1.266
3.749,1.116,2.545,3.431,3.101,1.324,2.948,1.266
3.749,1.116,2.545,3.433,3.102,1.324,2.947,1.265
3.749,1.116,2.545,3.431,3.101,1.323,2.947,1.265
3.749,1.116,2.545,3.433,3.102,1.324,2.948,1.266
3.749,1.116,2.545,3.433,3.102,1.324,2.948,1.266
3.749,1.117,2.545,3.431,3.099,1.323,2.948,1.265
3.749,1.116,2.545,3.433,3.102,1.323,2.948,1.265
3.746,1.117,2.544,3.43,3.101,1.323,2.95,1.266
3.749,1.117,2.545,3.431,3.102,1.323,2.95,1.266
3.748,1.117,2.545,3.433,3.102,1.323,2.95,1.266
3.748,1.118,2.545,3.431,3.102,1.323,2.95,1.266
3.749,1.117,2.545,3.433,3.102,1.322,2.949,1.265
3.748,1.118,2.544,3.43,3.099,1.322,2.95,1.266
3.748,1.118,2.544,3.43,3.101,1.322,2.952,1.267
3.749,1.118,2.545,3.431,3.101,1.322,2.95,1.266
3.749,1.118,2.545,3.431,3.102,1.322,2.952,1.266
3.748,1.119,2.544,3.43,3.099,1.321,2.952,1.266
3.746,1.118,2.544,3.43,3.101,1.322,2.953,1.266
3.748,1.118,2.545,3.433,3.102,1.322,2.953,1.266
3.748,1.119,2.545,3.433,3.102,1.322,2.953,1.266
3.749,1.119,2.545,3.433,3.102,1.322,2.953,1.266
3.748,1.121,2.545,3.431,3.101,1.321,2.952,1.266
3.746,1.119,2.544,3.433,3.104,1.321,2.953,1.266
3.748,1.119,2.545,3.431,3.102,1.322,2.954,1.267
3.75,1.121,2.546,3.431,3.101,1.321,2.954,1.266
3.748,1.121,2.545,3.431,3.101,1.321,2.953,1.266
3.746,1.121,2.544,3.431,3.102,1.322,2.954,1.266
3.748,1.121,2.545,3.433,3.102,1.322,2.954,1.266
3.748,1.121,2.545,3.431,3.102,1.322,2.955,1.267
3.749,1.121,2.545,3.433,3.102,1.321,2.954,1.266
3.748,1.121,2.545,3.433,3.102,1.322,2.955,1.266
3.748,1.121,2.545,3.433,3.102,1.321,2.954,1.266
3.748,1.122,2.545,3.433,3.102,1.322,2.955,1.266
3.746,1.122,2.544,3.43,3.101,1.321,2.957,1.266
3.748,1.122,2.545,3.433,3.102,1.321,2.955,1.266
3.748,1.122,2.545,3.433,3.102,1.321,2.955,1.266
3.749,1.122,2.545,3.431,3.102,1.321,2.954,1.266
3.748,1.122,2.544,3.43,3.099,1.321,2.955,1.267
3.748,1.122,2.544,3.43,3.099,1.321,2.954,1.267
3.746,1.123,2.544,3.43,3.101,1.321,2.959,1.267
3.746,1.123,2.544,3.43,3.099,1.321,2.957,1.268
3.746,1.123,2.544,3.431,3.102,1.322,2.955,1.267
3.748,1.123,2.545,3.433,3.102,1.321,2.957,1.267
3.748,1.123,2.545,3.431,3.102,1.321,2.957,1.266
3.746,1.123,2.544,3.43,3.101,1.322,2.957,1.267
3.748,1.123,2.545,3.433,3.102,1.321,2.957,1.267
3.748,1.124,2.544,3.431,3.102,1.321,2.958,1.267
3.748,1.123,2.545,3.431,3.102,1.321,2.957,1.266
3.745,1.124,2.544,3.43,3.102,1.322,2.957,1.267
3.748,1.124,2.544,3.43,3.099,1.32,2.957,1.267
3.746,1.124,2.543,3.43,3.101,1.321,2.957,1.267
3.745,1.124,2.544,3.431,3.105,1.321,2.958,1.267
3.746,1.124,2.543,3.43,3.101,1.321,2.959,1.268
3.749,1.125,2.544,3.43,3.101,1.321,2.959,1.267
3.746,1.125,2.544,3.43,3.099,1.32,2.958,1.267
3.746,1.125,2.545,3.434,3.101,1.32,2.959,1.267
3.746,1.125,2.545,3.435,3.101,1.32,2.959,1.267
3.745,1.125,2.544,3.43,3.102,1.321,2.959,1.267
3.745,1.125,2.544,3.43,3.101,1.321,2.959,1.267
3.746,1.125,2.544,3.431,3.102,1.32,2.96,1.267
3.746,1.125,2.544,3.429,3.099,1.318,2.96,1.268
3.746,1.125,2.545,3.431,3.102,1.32,2.96,1.267
3.746,1.127,2.544,3.431,3.102,1.32,2.96,1.268
3.748,1.125,2.545,3.431,3.102,1.32,2.959,1.267
3.745,1.127,2.544,3.433,3.104,1.32,2.959,1.267
3.745,1.127,2.544,3.431,3.105,1.32,2.959,1.268
3.748,1.127,2.545,3.43,3.101,1.32,2.959,1.267
3.746,1.127,2.544,3.431,3.102,1.32,2.96,1.268
3.749,1.127,2.544,3.43,3.101,1.32,2.96,1.268
3.748,1.128,2.544,3.43,3.099,1.318,2.959,1.267
3.749,1.128,2.544,3.43,3.101,1.32,2.961,1.268
3.748,1.127,2.545,3.431,3.102,1.32,2.96,1.267
3.748,1.127,2.545,3.431,3.102,1.32,2.96,1.267
3.748,1.127,2.545,3.431,3.102,1.32,2.96,1.267
3.746,1.128,2.543,3.429,3.099,1.32,2.961,1.27
3.746,1.128,2.543,3.429,3.101,1.32,2.964,1.268
3.748,1.128,2.545,3.431,3.102,1.32,2.961,1.267
3.748,1.128,2.544,3.431,3.102,1.32,2.963,1.268
3.746,1.128,2.543,3.429,3.101,1.32,2.964,1.268
3.746,1.129,2.544,3.431,3.102,1.32,2.963,1.268
3.745,1.129,2.543,3.429,3.101,1.32,2.965,1.268
3.746,1.129,2.544,3.43,3.099,1.32,2.961,1.268
3.746,1.129,2.544,3.43,3.102,1.32,2.964,1.268
3.745,1.129,2.543,3.429,3.101,1.32,2.965,1.268
3.745,1.129,2.543,3.43,3.102,1.321,2.963,1.268
3.746,1.129,2.544,3.43,3.102,1.32,2.964,1.268
3.748,1.129,2.544,3.43,3.101,1.32,2.963,1.268
3.745,1.13,2.544,3.435,3.101,1.32,2.964,1.268
3.745,1.13,2.543,3.43,3.102,1.321,2.964,1.268
3.748,1.13,2.544,3.43,3.101,1.318,2.963,1.268
3.746,1.13,2.544,3.43,3.102,1.32,2.965,1.268
3.745,1.13,2.543,3.429,3.101,1.318,2.968,1.268
3.748,1.13,2.544,3.43,3.099,1.318,2.964,1.268
3.746,1.13,2.544,3.431,3.102,1.318,2.965,1.268
3.746,1.13,2.544,3.431,3.102,1.32,2.966,1.268
3.746,1.13,2.544,3.431,3.102,1.32,2.966,1.268
3.745,1.13,2.543,3.429,3.099,1.318,2.968,1.268
3.748,1.13,2.544,3.431,3.102,1.32,2.965,1.268
3.746,1.132,2.544,3.429,3.099,1.318,2.965,1.268
3.746,1.132,2.544,3.431,3.102,1.32,2.966,1.268
3.745,1.132,2.543,3.429,3.099,1.32,2.969,1.27
3.746,1.132,2.544,3.43,3.102,1.32,2.966,1.268
3.748,1.132,2.544,3.43,3.101,1.32,2.965,1.268
3.75,1.132,2.548,3.43,3.101,1.32,2.968,1.27
3.746,1.133,2.544,3.429,3.099,1.32,2.965,1.268
3.748,1.133,2.545,3.43,3.101,1.32,2.968,1.27
3.745,1.133,2.543,3.429,3.101,1.32,2.968,1.27
3.746,1.133,2.544,3.43,3.102,1.32,2.968,1.27
3.746,1.132,2.544,3.43,3.102,1.32,2.968,1.268
3.746,1.133,2.544,3.43,3.102,1.32,2.968,1.27
3.746,1.133,2.544,3.43,3.099,1.317,2.966,1.268
3.746,1.133,2.544,3.429,3.099,1.317,2.966,1.27
3.75,1.133,2.546,3.43,3.101,1.318,2.969,1.27
3.746,1.133,2.544,3.43,3.101,1.317,2.968,1.268
3.746,1.133,2.544,3.43,3.102,1.318,2.97,1.27
3.745,1.134,2.544,3.435,3.101,1.317,2.969,1.27
3.746,1.135,2.543,3.429,3.099,1.317,2.969,1.27
3.745,1.134,2.543,3.429,3.101,1.318,2.97,1.27
3.745,1.134,2.543,3.429,3.099,1.317,2.97,1.271
3.746,1.134,2.544,3.43,3.102,1.318,2.97,1.27
3.746,1.134,2.544,3.43,3.101,1.318,2.97,1.27
3.746,1.134,2.544,3.43,3.101,1.317,2.969,1.27
3.745,1.135,2.543,3.43,3.103,1.317,2.97,1.27
3.745,1.135,2.544,3.43,3.104,1.317,2.971,1.27
3.746,1.135,2.544,3.43,3.102,1.318,2.971,1.27
3.746,1.135,2.545,3.43,3.101,1.317,2.971,1.27
3.746,1.135,2.544,3.431,3.102,1.317,2.971,1.27
3.746,1.135,2.544,3.431,3.102,1.317,2.971,1.27
3.746,1.135,2.544,3.43,3.101,1.317,2.972,1.27
3.745,1.135,2.543,3.429,3.099,1.317,2.972,1.271
3.746,1.135,2.544,3.429,3.099,1.317,2.971,1.27
3.746,1.135,2.544,3.43,3.101,1.317,2.971,1.27
3.749,1.136,2.544,3.43,3.101,1.317,2.974,1.271
3.746,1.138,2.544,3.429,3.099,1.317,2.972,1.27
3.75,1.136,2.546,3.43,3.101,1.317,2.974,1.271
3.744,1.136,2.543,3.43,3.103,1.318,2.974,1.27
3.746,1.136,2.544,3.429,3.099,1.317,2.972,1.27
3.746,1.136,2.544,3.43,3.102,1.318,2.974,1.27
3.746,1.136,2.544,3.43,3.101,1.318,2.972,1.27
3.745,1.138,2.544,3.433,3.101,1.318,2.974,1.271
3.744,1.138,2.543,3.429,3.101,1.32,2.974,1.271
3.746,1.138,2.543,3.429,3.099,1.318,2.974,1.27
3.745,1.138,2.544,3.433,3.101,1.318,2.975,1.271
3.745,1.138,2.544,3.43,3.101,1.32,2.976,1.271
3.746,1.138,2.544,3.43,3.099,1.318,2.974,1.27
3.745,1.138,2.543,3.429,3.099,1.318,2.976,1.272
3.749,1.138,2.544,3.43,3.101,1.32,2.976,1.271
3.744,1.138,2.543,3.429,3.102,1.321,2.975,1.271
3.745,1.138,2.544,3.433,3.101,1.32,2.975,1.271
3.745,1.138,2.544,3.433,3.101,1.318,2.976,1.271
3.746,1.138,2.544,3.43,3.101,1.32,2.976,1.271
3.745,1.138,2.544,3.43,3.101,1.32,2.976,1.271
3.746,1.138,2.544,3.429,3.099,1.318,2.975,1.27
3.746,1.139,2.544,3.429,3.099,1.318,2.975,1.271
3.746,1.139,2.544,3.429,3.099,1.318,2.975,1.271
3.745,1.139,2.543,3.429,3.099,1.318,2.976,1.271
3.744,1.139,2.543,3.428,3.099,1.318,2.979,1.271
3.744,1.139,2.543,3.43,3.102,1.318,2.976,1.271
3.746,1.139,2.544,3.43,3.099,1.318,2.975,1.271
3.746,1.139,2.544,3.43,3.101,1.318,2.976,1.271
3.746,1.139,2.544,3.43,3.099,1.318,2.976,1.271
3.746,1.139,2.544,3.429,3.099,1.317,2.976,1.271
3.746,1.139,2.544,3.43,3.099,1.317,2.976,1.271
3.75,1.14,2.548,3.429,3.101,1.318,2.977,1.271
3.746,1.139,2.544,3.43,3.101,1.318,2.977,1.271
3.745,1.14,2.544,3.43,3.101,1.318,2.979,1.271
3.746,1.139,2.544,3.43,3.101,1.317,2.977,1.271
3.746,1.139,2.544,3.43,3.099,1.317,2.977,1.271
3.745,1.14,2.544,3.43,3.101,1.317,2.979,1.271
3.746,1.14,2.544,3.43,3.101,1.317,2.977,1.271
3.744,1.14,2.543,3.43,3.102,1.316,2.979,1.271
3.745,1.14,2.544,3.43,3.101,1.317,2.98,1.271
3.746,1.14,2.544,3.43,3.101,1.316,2.979,1.271
3.745,1.141,2.545,3.429,3.101,1.316,2.98,1.271
3.746,1.14,2.544,3.43,3.101,1.316,2.979,1.271
3.744,1.141,2.543,3.43,3.104,1.316,2.98,1.271
3.745,1.141,2.544,3.433,3.101,1.316,2.98,1.271
3.746,1.141,2.544,3.429,3.099,1.316,2.979,1.271
3.744,1.141,2.543,3.429,3.101,1.317,2.98,1.271
3.745,1.141,2.544,3.43,3.101,1.317,2.98,1.272
3.746,1.143,2.543,3.429,3.099,1.316,2.979,1.271
3.744,1.141,2.543,3.429,3.102,1.317,2.98,1.272
3.746,1.141,2.543,3.429,3.099,1.316,2.979,1.271
3.744,1.143,2.543,3.428,3.101,1.317,2.98,1.272
3.746,1.141,2.544,3.429,3.099,1.316,2.979,1.271
3.745,1.143,2.543,3.428,3.099,1.316,2.98,1.272
3.749,1.143,2.543,3.429,3.101,1.316,2.981,1.272
3.746,1.143,2.544,3.429,3.099,1.316,2.98,1.271
3.746,1.143,2.543,3.429,3.099,1.316,2.981,1.272
3.746,1.143,2.544,3.43,3.101,1.316,2.981,1.271
3.744,1.143,2.542,3.428,3.099,1.316,2.983,1.272
3.745,1.144,2.543,3.428,3.098,1.315,2.981,1.272
3.746,1.143,2.543,3.429,3.099,1.315,2.98,1.271
3.745,1.143,2.544,3.43,3.101,1.316,2.982,1.272
3.745,1.144,2.543,3.429,3.101,1.316,2.982,1.272
3.746,1.143,2.544,3.429,3.099,1.315,2.981,1.271
3.745,1.143,2.544,3.43,3.101,1.316,2.982,1.272
3.744,1.144,2.543,3.43,3.103,1.315,2.982,1.272
3.744,1.144,2.542,3.428,3.098,1.315,2.983,1.273
3.745,1.144,2.543,3.43,3.101,1.316,2.982,1.272
3.746,1.144,2.544,3.429,3.099,1.315,2.981,1.271
3.743,1.144,2.542,3.428,3.101,1.317,2.982,1.272
3.745,1.144,2.543,3.429,3.101,1.316,2.983,1.272
3.744,1.144,2.543,3.43,3.099,1.316,2.982,1.272
3.744,1.144,2.542,3.428,3.098,1.316,2.985,1.273
3.745,1.144,2.543,3.43,3.101,1.316,2.983,1.272
3.745,1.144,2.544,3.43,3.101,1.316,2.983,1.272
3.745,1.144,2.544,3.429,3.099,1.316,2.983,1.272
3.744,1.145,2.542,3.428,3.098,1.316,2.985,1.273
3.745,1.145,2.544,3.429,3.099,1.316,2.985,1.272
3.745,1.144,2.544,3.429,3.099,1.316,2.983,1.272
3.745,1.145,2.543,3.429,3.099,1.316,2.982,1.272
3.745,1.145,2.544,3.429,3.099,1.316,2.985,1.272
3.744,1.145,2.542,3.427,3.098,1.315,2.986,1.273
3.743,1.145,2.542,3.428,3.101,1.317,2.985,1.272
3.745,1.145,2.543,3.429,3.101,1.315,2.985,1.272
3.745,1.145,2.543,3.428,3.098,1.315,2.983,1.272
3.745,1.145,2.543,3.429,3.101,1.315,2.986,1.272
3.745,1.145,2.543,3.429,3.099,1.315,2.985,1.272
3.745,1.145,2.543,3.429,3.101,1.315,2.986,1.272
3.743,1.146,2.542,3.428,3.101,1.315,2.986,1.272
3.744,1.146,2.542,3.427,3.098,1.315,2.986,1.273
3.745,1.146,2.543,3.429,3.101,1.315,2.986,1.272
3.745,1.146,2.543,3.428,3.098,1.315,2.985,1.272
3.745,1.146,2.545,3.428,3.099,1.315,2.986,1.272
3.746,1.146,2.543,3.428,3.099,1.315,2.987,1.272
3.745,1.146,2.546,3.428,3.099,1.315,2.987,1.272
3.746,1.146,2.543,3.428,3.099,1.315,2.987,1.272
3.745,1.146,2.543,3.429,3.099,1.315,2.986,1.272
3.744,1.146,2.543,3.428,3.099,1.315,2.987,1.272
3.744,1.147,2.542,3.427,3.098,1.315,2.986,1.272
3.745,1.146,2.543,3.429,3.099,1.315,2.987,1.272
3.745,1.146,2.543,3.429,3.099,1.316,2.987,1.272
3.743,1.146,2.542,3.428,3.101,1.317,2.987,1.272
3.743,1.146,2.542,3.427,3.098,1.316,2.99,1.273
3.749,1.147,2.543,3.428,3.099,1.316,2.988,1.272
3.743,1.147,2.542,3.428,3.103,1.316,2.988,1.272
3.745,1.147,2.545,3.428,3.099,1.316,2.988,1.273
3.744,1.147,2.544,3.431,3.098,1.316,2.988,1.272
3.744,1.147,2.543,3.427,3.098,1.316,2.987,1.272
3.749,1.147,2.543,3.428,3.099,1.317,2.988,1.273
3.745,1.147,2.543,3.428,3.098,1.316,2.987,1.272
3.745,1.147,2.543,3.429,3.099,1.316,2.988,1.272
3.744,1.147,2.543,3.427,3.098,1.316,2.988,1.272
3.745,1.147,2.543,3.428,3.098,1.316,2.987,1.272
3.743,1.147,2.542,3.427,3.098,1.317,2.99,1.272
3.745,1.147,2.543,3.429,3.099,1.316,2.988,1.272
3.744,1.147,2.543,3.428,3.098,1.316,2.988,1.272
3.749,1.149,2.543,3.428,3.099,1.316,2.99,1.273
3.744,1.149,2.543,3.428,3.099,1.316,2.991,1.273
3.744,1.149,2.542,3.427,3.097,1.315,2.99,1.273
3.744,1.149,2.543,3.428,3.099,1.316,2.991,1.273
3.741,1.149,2.542,3.428,3.101,1.317,2.99,1.273
3.743,1.149,2.542,3.428,3.099,1.316,2.99,1.272
3.743,1.149,2.542,3.427,3.097,1.315,2.991,1.274
3.744,1.149,2.543,3.428,3.098,1.315,2.99,1.272
3.744,1.149,2.543,3.428,3.099,1.316,2.991,1.273
3.744,1.149,2.543,3.429,3.099,1.316,2.991,1.272
3.744,1.149,2.543,3.428,3.098,1.315,2.99,1.272
3.745,1.149,2.545,3.428,3.098,1.315,2.991,1.273
3.744,1.149,2.543,3.429,3.099,1.315,2.991,1.273
3.744,1.149,2.543,3.428,3.098,1.315,2.99,1.272
3.744,1.15,2.543,3.427,3.098,1.315,2.99,1.273
3.744,1.15,2.543,3.428,3.098,1.315,2.992,1.273
3.741,1.149,2.542,3.428,3.099,1.317,2.991,1.273
3.744,1.149,2.543,3.428,3.098,1.315,2.991,1.272
3.744,1.151,2.542,3.427,3.097,1.315,2.991,1.274
3.743,1.15,2.543,3.43,3.098,1.315,2.992,1.273
3.748,1.15,2.543,3.428,3.098,1.315,2.993,1.273
3.745,1.15,2.543,3.428,3.098,1.315,2.993,1.273
3.743,1.15,2.542,3.427,3.098,1.315,2.996,1.273
3.744,1.15,2.543,3.428,3.098,1.315,2.991,1.273
3.744,1.15,2.543,3.429,3.099,1.315,2.993,1.273
3.744,1.15,2.543,3.428,3.098,1.315,2.992,1.273
3.744,1.15,2.543,3.428,3.099,1.315,2.993,1.273
3.743,1.151,2.544,3.429,3.098,1.315,2.993,1.273
3.743,1.151,2.542,3.427,3.097,1.313,2.993,1.274
3.745,1.151,2.543,3.428,3.098,1.315,2.993,1.274
3.744,1.151,2.543,3.428,3.099,1.315,2.994,1.273
3.744,1.152,2.542,3.427,3.097,1.313,2.993,1.274
3.744,1.15,2.543,3.429,3.099,1.313,2.993,1.273
3.744,1.151,2.543,3.427,3.097,1.313,2.993,1.273
3.744,1.151,2.543,3.428,3.098,1.313,2.993,1.273
3.741,1.151,2.542,3.429,3.103,1.313,2.994,1.274
3.744,1.151,2.543,3.428,3.098,1.313,2.993,1.273
3.743,1.151,2.543,3.428,3.099,1.315,2.994,1.274
3.744,1.151,2.543,3.428,3.099,1.315,2.993,1.273
3.743,1.151,2.543,3.429,3.099,1.315,2.994,1.274
3.743,1.151,2.542,3.427,3.098,1.315,2.998,1.273
3.744,1.151,2.543,3.429,3.099,1.315,2.994,1.273
3.745,1.152,2.543,3.428,3.098,1.316,2.996,1.274
3.745,1.152,2.543,3.428,3.098,1.316,2.996,1.274
3.741,1.152,2.542,3.427,3.098,1.316,2.994,1.274
3.743,1.152,2.543,3.429,3.099,1.316,2.994,1.274
3.743,1.152,2.542,3.427,3.097,1.315,2.994,1.274
3.744,1.151,2.543,3.428,3.098,1.315,2.994,1.273
3.743,1.152,2.543,3.428,3.099,1.316,2.996,1.274
3.744,1.152,2.543,3.427,3.098,1.315,2.994,1.273
3.743,1.152,2.543,3.428,3.099,1.316,2.996,1.274
3.743,1.154,2.542,3.427,3.097,1.315,2.994,1.274
3.744,1.152,2.543,3.428,3.098,1.316,2.994,1.273
3.744,1.152,2.543,3.428,3.099,1.316,2.996,1.274
3.743,1.154,2.544,3.428,3.098,1.316,2.996,1.274
3.744,1.152,2.543,3.428,3.098,1.315,2.994,1.274
3.741,1.152,2.542,3.427,3.098,1.316,2.997,1.274
3.741,1.152,2.542,3.427,3.098,1.316,2.998,1.274
3.743,1.154,2.542,3.427,3.098,1.315,2.994,1.274
3.744,1.152,2.543,3.428,3.099,1.315,2.996,1.274
3.743,1.154,2.542,3.428,3.099,1.316,2.997,1.274
3.741,1.154,2.542,3.427,3.098,1.316,2.997,1.274
3.744,1.154,2.543,3.428,3.099,1.316,2.997,1.274
3.743,1.155,2.542,3.427,3.097,1.315,2.996,1.274
3.744,1.152,2.543,3.428,3.098,1.315,2.997,1.274
3.743,1.154,2.543,3.433,3.098,1.315,2.998,1.274
3.743,1.154,2.543,3.43,3.098,1.315,2.998,1.274
3.743,1.154,2.542,3.428,3.099,1.316,2.998,1.274
3.744,1.154,2.543,3.428,3.099,1.315,2.997,1.274
3.744,1.154,2.543,3.428,3.098,1.315,2.997,1.274
3.744,1.154,2.543,3.428,3.099,1.315,2.998,1.274
3.741,1.154,2.542,3.427,3.098,1.316,2.998,1.274
3.743,1.155,2.542,3.427,3.097,1.313,2.998,1.274
3.744,1.154,2.543,3.428,3.098,1.315,2.998,1.274
3.743,1.154,2.543,3.428,3.099,1.315,2.999,1.274
3.741,1.155,2.542,3.428,3.102,1.313,2.998,1.274
3.741,1.155,2.542,3.428,3.101,1.313,2.998,1.274
3.741,1.155,2.542,3.428,3.102,1.313,2.999,1.274
3.741,1.155,2.542,3.427,3.098,1.313,3.003,1.274
3.741,1.155,2.542,3.429,3.099,1.313,2.999,1.276
3.744,1.155,2.543,3.428,3.098,1.312,2.998,1.274
3.743,1.155,2.542,3.425,3.098,1.313,3,1.276
3.744,1.155,2.543,3.428,3.099,1.313,2.999,1.274
3.743,1.156,2.542,3.427,3.097,1.312,2.999,1.274
3.744,1.155,2.543,3.428,3.099,1.313,2.999,1.274
3.743,1.156,2.542,3.427,3.097,1.312,2.999,1.276
3.743,1.156,2.542,3.427,3.097,1.312,2.999,1.276
3.741,1.155,2.542,3.427,3.101,1.315,2.999,1.276
3.741,1.155,2.542,3.429,3.099,1.313,3,1.276
3.741,1.155,2.542,3.428,3.101,1.312,3,1.276
3.743,1.155,2.542,3.428,3.099,1.313,3,1.276
3.744,1.155,2.543,3.428,3.099,1.312,3,1.276
3.741,1.155,2.542,3.428,3.099,1.315,3,1.276
3.743,1.155,2.542,3.425,3.097,1.312,3.002,1.277
3.746,1.156,2.542,3.428,3.098,1.312,3.002,1.276
3.744,1.155,2.543,3.428,3.099,1.312,3.002,1.276
3.743,1.156,2.542,3.425,3.097,1.312,3,1.277
3.743,1.156,2.542,3.428,3.098,1.312,3.002,1.276
3.746,1.156,2.542,3.427,3.098,1.312,3.002,1.276
3.743,1.156,2.542,3.428,3.098,1.313,3.002,1.276
3.741,1.156,2.54,3.425,3.098,1.313,3.005,1.276
3.744,1.156,2.542,3.427,3.097,1.312,3,1.276
3.744,1.156,2.542,3.427,3.097,1.312,3,1.276
3.743,1.156,2.542,3.428,3.098,1.313,3.003,1.276
3.744,1.156,2.542,3.427,3.097,1.312,3,1.276
3.743,1.156,2.542,3.427,3.098,1.313,3.003,1.276
3.743,1.156,2.543,3.428,3.098,1.312,3.002,1.276
3.741,1.156,2.542,3.428,3.102,1.312,3.002,1.276
3.743,1.157,2.542,3.425,3.097,1.312,3.002,1.276
3.746,1.157,2.542,3.427,3.098,1.312,3.003,1.276
3.744,1.157,2.542,3.427,3.098,1.312,3.003,1.276
3.744,1.156,2.543,3.428,3.098,1.312,3.002,1.276
3.741,1.157,2.542,3.427,3.099,1.312,3.003,1.276
3.743,1.156,2.542,3.428,3.098,1.312,3.003,1.276
3.744,1.156,2.543,3.428,3.098,1.312,3.003,1.276
3.743,1.157,2.542,3.427,3.097,1.312,3.002,1.276
3.744,1.157,2.545,3.427,3.098,1.312,3.004,1.276
3.743,1.157,2.542,3.428,3.098,1.313,3.004,1.276
3.744,1.157,2.542,3.427,3.097,1.312,3.003,1.276
3.741,1.157,2.542,3.428,3.099,1.312,3.004,1.276
3.741,1.157,2.54,3.427,3.099,1.312,3.004,1.276
3.743,1.157,2.542,3.427,3.097,1.312,3.003,1.276
3.743,1.157,2.542,3.428,3.098,1.312,3.004,1.276
3.748,1.157,2.542,3.427,3.098,1.312,3.005,1.276
3.743,1.157,2.542,3.427,3.098,1.312,3.005,1.276
3.744,1.157,2.542,3.428,3.098,1.312,3.004,1.276
3.743,1.158,2.542,3.425,3.097,1.312,3.004,1.276
3.743,1.158,2.544,3.427,3.097,1.312,3.004,1.276
3.743,1.157,2.542,3.428,3.098,1.312,3.005,1.276
3.743,1.158,2.542,3.425,3.097,1.312,3.003,1.276
3.743,1.158,2.542,3.428,3.098,1.312,3.005,1.276
3.744,1.157,2.542,3.428,3.098,1.312,3.004,1.276
3.741,1.158,2.54,3.427,3.098,1.313,3.004,1.276
3.741,1.158,2.54,3.425,3.097,1.312,3.008,1.276
3.743,1.158,2.542,3.427,3.098,1.312,3.005,1.277
3.74,1.158,2.54,3.425,3.097,1.313,3.004,1.276
3.743,1.158,2.542,3.427,3.098,1.312,3.005,1.277
3.743,1.157,2.542,3.427,3.097,1.312,3.004,1.276
3.745,1.158,2.542,3.427,3.097,1.312,3.005,1.277
3.743,1.158,2.542,3.427,3.098,1.312,3.007,1.277
3.743,1.158,2.542,3.427,3.098,1.312,3.007,1.277
3.741,1.158,2.542,3.43,3.097,1.311,3.005,1.277
3.743,1.158,2.542,3.427,3.098,1.312,3.005,1.276
3.743,1.158,2.542,3.427,3.098,1.312,3.005,1.276
3.743,1.158,2.542,3.427,3.098,1.312,3.005,1.276
3.741,1.158,2.54,3.425,3.096,1.312,3.008,1.277
3.743,1.158,2.542,3.425,3.097,1.311,3.005,1.276
3.741,1.158,2.54,3.424,3.097,1.311,3.009,1.277
3.743,1.16,2.543,3.425,3.097,1.311,3.007,1.277
3.743,1.158,2.542,3.425,3.097,1.31,3.005,1.276
3.743,1.158,2.542,3.425,3.097,1.31,3.005,1.276
3.743,1.158,2.542,3.427,3.098,1.311,3.007,1.276
3.741,1.16,2.542,3.427,3.098,1.311,3.008,1.277
3.743,1.158,2.542,3.427,3.097,1.31,3.007,1.276
3.746,1.16,2.54,3.425,3.097,1.31,3.008,1.277
3.743,1.158,2.542,3.427,3.098,1.31,3.008,1.277
3.741,1.16,2.54,3.424,3.096,1.31,3.008,1.278
3.744,1.16,2.54,3.425,3.097,1.31,3.008,1.277
3.741,1.16,2.542,3.427,3.097,1.31,3.008,1.277
3.741,1.16,2.542,3.427,3.097,1.31,3.008,1.277
3.74,1.16,2.54,3.425,3.098,1.31,3.008,1.277
3.743,1.158,2.542,3.427,3.097,1.31,3.008,1.276
3.74,1.16,2.54,3.428,3.099,1.31,3.008,1.277
3.743,1.16,2.542,3.427,3.097,1.31,3.008,1.276
3.74,1.16,2.54,3.427,3.101,1.31,3.008,1.277
3.743,1.16,2.54,3.424,3.096,1.31,3.008,1.277
3.743,1.16,2.54,3.424,3.096,1.31,3.008,1.277
3.743,1.16,2.542,3.425,3.097,1.31,3.008,1.276
3.741,1.16,2.54,3.424,3.096,1.31,3.008,1.277
3.741,1.16,2.54,3.425,3.097,1.311,3.009,1.277
3.741,1.16,2.54,3.425,3.097,1.311,3.009,1.277
3.743,1.16,2.542,3.427,3.097,1.311,3.009,1.277
3.741,1.16,2.54,3.425,3.097,1.311,3.01,1.277
3.74,1.16,2.539,3.424,3.098,1.311,3.009,1.277
3.741,1.16,2.54,3.424,3.096,1.31,3.01,1.278
3.74,1.16,2.539,3.424,3.097,1.311,3.009,1.277
3.74,1.16,2.539,3.424,3.096,1.31,3.01,1.278
3.74,1.161,2.539,3.424,3.097,1.311,3.009,1.277
3.74,1.161,2.542,3.428,3.097,1.31,3.01,1.277
3.743,1.16,2.542,3.425,3.097,1.31,3.009,1.276
3.74,1.161,2.539,3.424,3.098,1.311,3.01,1.277
3.741,1.161,2.54,3.424,3.096,1.309,3.009,1.277
3.74,1.161,2.54,3.428,3.097,1.31,3.01,1.277
3.74,1.161,2.539,3.424,3.096,1.31,3.015,1.277
3.743,1.16,2.54,3.425,3.096,1.309,3.01,1.276
3.743,1.16,2.542,3.425,3.097,1.309,3.01,1.276
3.74,1.161,2.539,3.425,3.098,1.31,3.011,1.277
3.741,1.161,2.54,3.425,3.097,1.309,3.011,1.277
3.74,1.161,2.542,3.428,3.096,1.309,3.011,1.277
3.74,1.161,2.54,3.425,3.098,1.31,3.011,1.277
3.741,1.161,2.542,3.425,3.097,1.309,3.013,1.277
3.743,1.161,2.542,3.425,3.097,1.309,3.011,1.277
3.741,1.161,2.542,3.425,3.097,1.309,3.013,1.277
3.743,1.161,2.542,3.425,3.097,1.309,3.011,1.277
3.743,1.161,2.542,3.425,3.096,1.309,3.011,1.277
3.739,1.161,2.539,3.424,3.098,1.311,3.013,1.277
3.74,1.161,2.54,3.425,3.098,1.309,3.013,1.277
3.741,1.162,2.54,3.424,3.096,1.309,3.011,1.277
3.74,1.161,2.54,3.428,3.097,1.309,3.013,1.277
3.74,1.161,2.54,3.424,3.096,1.309,3.013,1.278
3.741,1.161,2.542,3.425,3.097,1.309,3.013,1.277
3.743,1.161,2.542,3.425,3.097,1.309,3.013,1.277
3.741,1.162,2.54,3.424,3.096,1.307,3.013,1.277
3.741,1.162,2.54,3.425,3.097,1.309,3.014,1.278
3.74,1.162,2.539,3.423,3.096,1.309,3.018,1.277
3.743,1.161,2.542,3.425,3.096,1.307,3.013,1.277
3.74,1.162,2.542,3.429,3.096,1.307,3.014,1.277
3.741,1.162,2.54,3.424,3.096,1.307,3.013,1.277
3.741,1.162,2.54,3.424,3.096,1.307,3.013,1.277
3.741,1.162,2.54,3.425,3.097,1.307,3.015,1.278
3.741,1.162,2.542,3.425,3.096,1.307,3.014,1.277
3.743,1.162,2.54,3.424,3.096,1.307,3.015,1.278
3.74,1.163,2.54,3.423,3.094,1.307,3.015,1.278
3.741,1.162,2.542,3.425,3.097,1.307,3.015,1.277
3.74,1.162,2.54,3.428,3.097,1.307,3.015,1.277
3.741,1.162,2.542,3.425,3.097,1.309,3.015,1.277
3.741,1.162,2.542,3.425,3.097,1.309,3.015,1.277
3.741,1.162,2.54,3.425,3.097,1.309,3.016,1.278
3.741,1.162,2.542,3.425,3.097,1.309,3.015,1.277
3.741,1.162,2.54,3.425,3.097,1.309,3.016,1.278
3.743,1.163,2.54,3.424,3.096,1.309,3.016,1.278
3.741,1.162,2.54,3.425,3.097,1.309,3.016,1.278
3.741,1.162,2.542,3.425,3.096,1.307,3.015,1.277
3.741,1.162,2.54,3.425,3.097,1.309,3.016,1.278
3.741,1.162,2.542,3.425,3.096,1.307,3.015,1.277
3.741,1.162,2.542,3.424,3.096,1.307,3.015,1.277
3.74,1.163,2.542,3.429,3.096,1.309,3.016,1.278
3.741,1.163,2.54,3.425,3.097,1.309,3.018,1.278
3.741,1.163,2.54,3.424,3.094,1.307,3.015,1.277
3.741,1.163,2.54,3.424,3.094,1.307,3.015,1.277
3.741,1.162,2.542,3.425,3.096,1.309,3.016,1.277
3.739,1.163,2.539,3.423,3.094,1.309,3.019,1.278
3.74,1.163,2.54,3.425,3.097,1.309,3.018,1.278
3.739,1.163,2.539,3.423,3.096,1.309,3.02,1.278
3.74,1.163,2.54,3.424,3.096,1.309,3.019,1.278
3.745,1.163,2.54,3.424,3.096,1.309,3.019,1.278
3.739,1.163,2.539,3.423,3.094,1.309,3.02,1.278
3.739,1.163,2.54,3.424,3.098,1.307,3.018,1.278
3.74,1.163,2.54,3.423,3.094,1.307,3.018,1.278
3.739,1.163,2.539,3.424,3.096,1.309,3.018,1.278
3.739,1.163,2.539,3.424,3.097,1.309,3.018,1.278
3.741,1.163,2.54,3.424,3.094,1.307,3.018,1.277
3.741,1.163,2.542,3.424,3.094,1.307,3.018,1.277
3.741,1.163,2.54,3.425,3.096,1.307,3.019,1.278
3.74,1.163,2.54,3.424,3.096,1.307,3.019,1.278
3.739,1.163,2.54,3.423,3.094,1.307,3.02,1.279
3.74,1.163,2.54,3.423,3.093,1.307,3.019,1.279
3.739,1.163,2.54,3.424,3.097,1.307,3.019,1.278
3.741,1.163,2.54,3.424,3.094,1.307,3.018,1.277
3.74,1.163,2.54,3.424,3.096,1.307,3.02,1.278
3.74,1.165,2.54,3.428,3.094,1.307,3.02,1.278
3.74,1.165,2.54,3.424,3.096,1.309,3.02,1.278
3.739,1.163,2.539,3.423,3.094,1.309,3.022,1.278
3.74,1.165,2.54,3.424,3.096,1.309,3.02,1.278
3.74,1.165,2.54,3.428,3.094,1.309,3.02,1.278
3.741,1.163,2.54,3.424,3.094,1.309,3.019,1.278
3.74,1.165,2.542,3.428,3.094,1.309,3.02,1.278
3.745,1.165,2.54,3.424,3.096,1.309,3.02,1.278
3.74,1.165,2.54,3.424,3.096,1.309,3.021,1.278
3.741,1.163,2.542,3.425,3.096,1.309,3.02,1.278
3.741,1.163,2.542,3.424,3.094,1.309,3.02,1.278
3.739,1.165,2.539,3.423,3.093,1.309,3.022,1.279
3.74,1.165,2.54,3.424,3.096,1.309,3.021,1.278
3.74,1.166,2.54,3.423,3.093,1.307,3.02,1.279
3.745,1.165,2.54,3.424,3.094,1.307,3.021,1.278
3.739,1.165,2.539,3.423,3.093,1.307,3.022,1.278
3.741,1.165,2.542,3.424,3.094,1.307,3.02,1.278
3.741,1.165,2.542,3.424,3.094,1.307,3.02,1.278
3.741,1.165,2.542,3.424,3.094,1.307,3.02,1.278
3.745,1.165,2.54,3.424,3.094,1.307,3.021,1.278
3.739,1.165,2.539,3.423,3.093,1.307,3.022,1.278
3.745,1.165,2.54,3.424,3.094,1.307,3.021,1.279
3.741,1.165,2.542,3.425,3.096,1.307,3.021,1.278
3.741,1.165,2.54,3.424,3.094,1.307,3.02,1.278
3.74,1.166,2.542,3.424,3.094,1.307,3.021,1.279
3.74,1.165,2.542,3.424,3.096,1.309,3.021,1.278
3.74,1.165,2.54,3.424,3.096,1.309,3.022,1.279
3.74,1.165,2.54,3.424,3.096,1.309,3.022,1.279
3.74,1.166,2.54,3.423,3.093,1.307,3.02,1.278
3.74,1.167,2.54,3.423,3.093,1.307,3.021,1.279
3.739,1.166,2.54,3.425,3.098,1.309,3.022,1.278
3.74,1.166,2.54,3.424,3.096,1.309,3.022,1.279
3.741,1.165,2.54,3.424,3.094,1.307,3.021,1.278
3.74,1.166,2.54,3.423,3.093,1.307,3.022,1.279
3.74,1.167,2.54,3.423,3.093,1.307,3.022,1.279
3.739,1.166,2.539,3.423,3.093,1.309,3.025,1.278
3.741,1.166,2.54,3.424,3.093,1.307,3.021,1.278
3.74,1.166,2.54,3.424,3.096,1.309,3.024,1.279
3.74,1.166,2.54,3.424,3.096,1.309,3.024,1.279
3.74,1.166,2.542,3.428,3.094,1.307,3.024,1.279
3.74,1.166,2.542,3.427,3.094,1.307,3.024,1.279
3.739,1.166,2.539,3.423,3.096,1.307,3.024,1.279
3.739,1.166,2.539,3.423,3.093,1.309,3.026,1.279
3.739,1.166,2.54,3.428,3.094,1.307,3.024,1.279
3.739,1.166,2.54,3.422,3.093,1.307,3.024,1.279
3.74,1.166,2.542,3.427,3.094,1.307,3.025,1.279
3.739,1.166,2.539,3.422,3.093,1.309,3.027,1.281
3.739,1.166,2.539,3.424,3.096,1.307,3.025,1.279
3.74,1.166,2.542,3.428,3.094,1.309,3.025,1.279
3.741,1.166,2.542,3.424,3.094,1.309,3.025,1.278
3.74,1.166,2.542,3.427,3.094,1.307,3.025,1.279
3.739,1.166,2.539,3.422,3.093,1.309,3.027,1.279
3.74,1.167,2.542,3.427,3.094,1.309,3.026,1.279
3.743,1.167,2.54,3.423,3.094,1.309,3.026,1.279
3.738,1.166,2.539,3.423,3.094,1.31,3.025,1.279
3.745,1.167,2.54,3.423,3.094,1.309,3.026,1.279
3.74,1.167,2.54,3.424,3.094,1.309,3.026,1.279
3.741,1.166,2.542,3.424,3.094,1.309,3.025,1.279
3.739,1.166,2.54,3.422,3.093,1.309,3.027,1.281
3.74,1.167,2.54,3.423,3.093,1.309,3.025,1.279
3.74,1.167,2.544,3.423,3.093,1.309,3.026,1.279
3.74,1.167,2.54,3.424,3.094,1.309,3.026,1.279
3.74,1.167,2.54,3.424,3.094,1.309,3.027,1.279
3.74,1.166,2.54,3.424,3.094,1.309,3.026,1.279
3.739,1.167,2.539,3.422,3.093,1.309,3.027,1.281
3.738,1.167,2.539,3.423,3.093,1.309,3.026,1.279
3.74,1.167,2.54,3.424,3.094,1.309,3.027,1.279
3.745,1.167,2.54,3.423,3.093,1.307,3.027,1.279
3.74,1.166,2.542,3.424,3.094,1.307,3.026,1.279
3.74,1.166,2.542,3.424,3.094,1.307,3.026,1.279
3.738,1.167,2.539,3.422,3.093,1.306,3.03,1.279
3.74,1.167,2.54,3.424,3.094,1.307,3.027,1.279
3.74,1.166,2.54,3.424,3.094,1.306,3.026,1.279
3.74,1.167,2.54,3.424,3.094,1.306,3.027,1.279
3.738,1.167,2.539,3.423,3.097,1.306,3.027,1.279
3.74,1.167,2.54,3.424,3.094,1.306,3.027,1.279
3.74,1.167,2.54,3.422,3.092,1.306,3.026,1.279
3.739,1.167,2.539,3.422,3.092,1.306,3.027,1.281
3.74,1.167,2.54,3.424,3.094,1.306,3.027,1.279
3.74,1.167,2.54,3.424,3.093,1.306,3.026,1.279
3.74,1.167,2.54,3.423,3.093,1.306,3.026,1.279
3.74,1.167,2.54,3.424,3.094,1.306,3.027,1.279
3.74,1.167,2.54,3.424,3.093,1.306,3.026,1.279
3.739,1.168,2.539,3.422,3.092,1.306,3.027,1.281
3.74,1.167,2.54,3.424,3.094,1.306,3.027,1.279
3.741,1.167,2.54,3.423,3.093,1.306,3.029,1.281
3.738,1.167,2.539,3.422,3.093,1.307,3.027,1.279
3.739,1.167,2.54,3.423,3.094,1.306,3.029,1.279
3.741,1.167,2.54,3.423,3.093,1.306,3.029,1.281
3.739,1.167,2.542,3.427,3.093,1.306,3.029,1.279
3.74,1.167,2.54,3.423,3.093,1.306,3.027,1.279
3.74,1.167,2.54,3.423,3.093,1.305,3.027,1.279
3.74,1.167,2.54,3.423,3.092,1.305,3.027,1.279
3.739,1.168,2.54,3.423,3.093,1.306,3.03,1.281
3.74,1.167,2.54,3.423,3.093,1.306,3.029,1.279
3.739,1.167,2.539,3.42,3.092,1.306,3.03,1.281
3.74,1.168,2.542,3.423,3.093,1.306,3.03,1.281
3.743,1.168,2.54,3.423,3.093,1.307,3.03,1.281
3.739,1.168,2.54,3.423,3.093,1.307,3.03,1.281
3.739,1.168,2.54,3.423,3.093,1.307,3.03,1.281
3.739,1.168,2.54,3.423,3.093,1.307,3.03,1.281
3.74,1.167,2.54,3.423,3.093,1.307,3.03,1.281
3.74,1.167,2.54,3.423,3.093,1.307,3.029,1.279
3.739,1.168,2.54,3.423,3.093,1.307,3.031,1.281
3.739,1.168,2.542,3.424,3.093,1.306,3.03,1.281
3.74,1.168,2.543,3.423,3.093,1.306,3.031,1.281
3.738,1.168,2.539,3.422,3.093,1.307,3.03,1.281
3.738,1.168,2.539,3.422,3.092,1.306,3.032,1.281
3.739,1.168,2.54,3.423,3.093,1.306,3.031,1.281
3.74,1.168,2.54,3.423,3.093,1.306,3.031,1.281
3.739,1.168,2.54,3.423,3.093,1.306,3.032,1.281
3.739,1.168,2.54,3.423,3.093,1.306,3.032,1.281
3.739,1.168,2.54,3.423,3.093,1.306,3.032,1.281
3.74,1.168,2.54,3.423,3.093,1.306,3.032,1.281
3.738,1.168,2.539,3.422,3.094,1.307,3.031,1.281
3.74,1.168,2.542,3.424,3.093,1.306,3.031,1.281
3.74,1.168,2.54,3.423,3.093,1.306,3.031,1.281
3.739,1.168,2.539,3.422,3.092,1.306,3.033,1.281
3.739,1.168,2.54,3.423,3.093,1.306,3.032,1.281
3.739,1.168,2.54,3.423,3.093,1.306,3.032,1.281
3.74,1.168,2.54,3.423,3.093,1.305,3.031,1.281
3.739,1.169,2.54,3.422,3.092,1.305,3.031,1.281
3.738,1.169,2.539,3.422,3.093,1.306,3.033,1.281
3.739,1.169,2.54,3.422,3.092,1.305,3.031,1.281
3.74,1.168,2.54,3.423,3.092,1.305,3.031,1.281
3.741,1.169,2.543,3.423,3.093,1.305,3.032,1.281
3.738,1.168,2.539,3.422,3.092,1.305,3.035,1.281
3.74,1.169,2.54,3.422,3.092,1.305,3.031,1.281
3.74,1.168,2.542,3.424,3.093,1.305,3.032,1.281
3.74,1.168,2.54,3.423,3.093,1.305,3.031,1.281
3.74,1.169,2.542,3.424,3.093,1.305,3.033,1.281
3.74,1.168,2.54,3.423,3.093,1.305,3.032,1.281
3.739,1.169,2.54,3.423,3.094,1.305,3.033,1.281
3.739,1.169,2.54,3.423,3.094,1.305,3.033,1.282
3.74,1.169,2.54,3.423,3.094,1.306,3.033,1.281
3.738,1.169,2.539,3.423,3.096,1.307,3.033,1.281
3.739,1.169,2.54,3.422,3.092,1.305,3.032,1.282
3.741,1.169,2.544,3.423,3.093,1.305,3.033,1.282
3.738,1.169,2.54,3.424,3.094,1.305,3.033,1.282
3.738,1.169,2.539,3.422,3.093,1.306,3.037,1.281
3.739,1.169,2.54,3.423,3.094,1.305,3.035,1.282
3.74,1.169,2.54,3.422,3.092,1.305,3.032,1.281
3.738,1.169,2.54,3.423,3.096,1.305,3.033,1.282
3.739,1.169,2.54,3.428,3.093,1.305,3.033,1.282
3.739,1.171,2.54,3.423,3.094,1.306,3.035,1.282
3.739,1.169,2.54,3.423,3.093,1.305,3.035,1.282
3.739,1.169,2.54,3.423,3.093,1.306,3.035,1.282
3.739,1.169,2.539,3.422,3.092,1.305,3.035,1.283
3.739,1.172,2.54,3.422,3.092,1.305,3.033,1.282
3.74,1.171,2.544,3.423,3.093,1.305,3.035,1.282
3.741,1.171,2.54,3.423,3.093,1.305,3.035,1.282
3.74,1.169,2.54,3.423,3.093,1.305,3.033,1.281
3.739,1.171,2.54,3.422,3.092,1.305,3.033,1.282
3.738,1.169,2.539,3.422,3.093,1.305,3.037,1.282
3.74,1.169,2.54,3.423,3.094,1.305,3.035,1.282
3.74,1.169,2.542,3.423,3.094,1.305,3.035,1.282
3.74,1.169,2.54,3.423,3.093,1.305,3.035,1.281
3.74,1.169,2.54,3.423,3.093,1.305,3.035,1.281
3.739,1.171,2.54,3.423,3.094,1.305,3.036,1.282
3.74,1.169,2.542,3.423,3.094,1.305,3.036,1.282
3.739,1.171,2.54,3.422,3.092,1.305,3.035,1.282
3.738,1.171,2.539,3.422,3.093,1.306,3.036,1.282
3.74,1.169,2.542,3.424,3.094,1.305,3.037,1.282
3.739,1.171,2.539,3.42,3.092,1.305,3.037,1.283
3.738,1.171,2.539,3.422,3.093,1.306,3.037,1.282
3.74,1.169,2.542,3.423,3.093,1.305,3.036,1.282
3.739,1.171,2.54,3.42,3.092,1.305,3.038,1.283
3.74,1.171,2.542,3.423,3.093,1.304,3.036,1.281
3.74,1.171,2.542,3.423,3.094,1.304,3.037,1.282
3.74,1.171,2.542,3.423,3.094,1.304,3.037,1.282
3.74,1.169,2.542,3.423,3.093,1.304,3.036,1.282
3.74,1.171,2.544,3.423,3.093,1.304,3.038,1.282
3.739,1.171,2.54,3.423,3.094,1.304,3.038,1.282
3.738,1.171,2.54,3.423,3.096,1.302,3.038,1.282
3.74,1.171,2.543,3.423,3.093,1.302,3.038,1.282
3.74,1.171,2.542,3.423,3.093,1.302,3.037,1.282
3.738,1.171,2.54,3.425,3.093,1.302,3.038,1.282
3.738,1.171,2.54,3.423,3.096,1.302,3.038,1.282
3.739,1.171,2.54,3.423,3.094,1.304,3.038,1.282
3.745,1.171,2.54,3.423,3.093,1.304,3.038,1.282
3.74,1.171,2.542,3.423,3.093,1.304,3.037,1.282
3.738,1.171,2.54,3.423,3.096,1.304,3.038,1.282
3.738,1.171,2.54,3.422,3.093,1.305,3.038,1.282
3.743,1.171,2.54,3.423,3.093,1.305,3.04,1.282
3.74,1.171,2.544,3.423,3.093,1.305,3.038,1.282
3.739,1.171,2.54,3.422,3.092,1.304,3.038,1.283
3.74,1.171,2.542,3.422,3.093,1.304,3.037,1.282
3.739,1.171,2.54,3.42,3.092,1.304,3.04,1.283
3.74,1.171,2.542,3.423,3.093,1.305,3.038,1.282
3.739,1.172,2.54,3.422,3.092,1.304,3.038,1.282
3.743,1.171,2.54,3.422,3.093,1.305,3.04,1.283
3.739,1.171,2.54,3.42,3.092,1.305,3.04,1.283
3.74,1.171,2.542,3.423,3.093,1.305,3.04,1.282
3.74,1.171,2.542,3.423,3.094,1.305,3.041,1.282
3.74,1.171,2.542,3.423,3.093,1.305,3.04,1.282
3.738,1.171,2.54,3.42,3.092,1.305,3.042,1.282
3.74,1.171,2.542,3.423,3.093,1.305,3.04,1.282
3.74,1.171,2.542,3.423,3.093,1.305,3.04,1.282
3.74,1.172,2.542,3.422,3.093,1.305,3.041,1.283
3.739,1.171,2.542,3.423,3.094,1.304,3.041,1.282
3.739,1.171,2.542,3.423,3.093,1.304,3.041,1.282
3.739,1.171,2.542,3.423,3.094,1.304,3.041,1.283
3.738,1.172,2.54,3.424,3.093,1.302,3.041,1.283
3.739,1.172,2.54,3.422,3.092,1.302,3.04,1.282
3.738,1.172,2.54,3.422,3.094,1.305,3.041,1.282
3.738,1.172,2.54,3.422,3.093,1.304,3.041,1.282
3.739,1.172,2.54,3.42,3.092,1.302,3.042,1.283
3.74,1.171,2.542,3.423,3.094,1.302,3.042,1.282
3.74,1.172,2.543,3.422,3.093,1.302,3.042,1.283
3.74,1.171,2.542,3.423,3.094,1.302,3.042,1.282
3.739,1.173,2.54,3.422,3.092,1.301,3.041,1.282
3.739,1.172,2.54,3.422,3.092,1.301,3.041,1.282
3.74,1.172,2.542,3.423,3.093,1.302,3.042,1.282
3.738,1.172,2.54,3.42,3.092,1.301,3.047,1.283
3.741,1.172,2.54,3.422,3.093,1.301,3.043,1.283
3.74,1.172,2.542,3.423,3.094,1.301,3.043,1.283
3.74,1.172,2.542,3.422,3.093,1.301,3.041,1.282
3.738,1.172,2.54,3.423,3.096,1.302,3.043,1.283
3.739,1.172,2.542,3.423,3.094,1.301,3.043,1.283
3.738,1.172,2.54,3.423,3.096,1.302,3.043,1.283
3.739,1.173,2.54,3.42,3.092,1.301,3.043,1.283
3.739,1.172,2.542,3.423,3.094,1.302,3.043,1.283
3.739,1.172,2.54,3.42,3.092,1.301,3.043,1.283
3.739,1.173,2.54,3.423,3.093,1.302,3.043,1.283
3.739,1.173,2.54,3.422,3.092,1.301,3.042,1.283
3.74,1.172,2.542,3.423,3.093,1.302,3.043,1.283
3.74,1.173,2.542,3.422,3.092,1.302,3.042,1.283
3.739,1.173,2.542,3.423,3.093,1.302,3.044,1.283
3.74,1.172,2.542,3.423,3.093,1.302,3.043,1.283
3.74,1.172,2.542,3.422,3.092,1.302,3.042,1.283
3.738,1.173,2.54,3.422,3.093,1.304,3.046,1.283
3.74,1.172,2.542,3.423,3.093,1.302,3.043,1.283
3.739,1.173,2.542,3.422,3.092,1.302,3.043,1.283
3.738,1.173,2.54,3.422,3.093,1.304,3.046,1.283
3.739,1.173,2.542,3.423,3.094,1.304,3.046,1.283
3.739,1.173,2.542,3.422,3.092,1.302,3.043,1.283
3.74,1.173,2.544,3.423,3.093,1.304,3.044,1.283
3.74,1.173,2.542,3.423,3.094,1.304,3.046,1.283
3.74,1.172,2.542,3.423,3.093,1.302,3.043,1.283
3.739,1.173,2.54,3.42,3.092,1.302,3.047,1.284
3.74,1.173,2.542,3.423,3.094,1.302,3.044,1.283
3.738,1.173,2.54,3.42,3.093,1.302,3.046,1.283
3.738,1.173,2.542,3.424,3.094,1.302,3.044,1.283
3.74,1.173,2.542,3.423,3.094,1.302,3.046,1.283
3.738,1.173,2.54,3.423,3.096,1.302,3.044,1.283
3.739,1.173,2.542,3.423,3.093,1.302,3.046,1.284
3.74,1.173,2.542,3.423,3.093,1.302,3.044,1.283
3.74,1.173,2.542,3.423,3.094,1.302,3.046,1.283
3.74,1.173,2.542,3.423,3.094,1.302,3.046,1.283
3.739,1.173,2.542,3.423,3.094,1.302,3.046,1.283
3.74,1.173,2.542,3.422,3.092,1.301,3.044,1.283
3.74,1.173,2.542,3.423,3.094,1.302,3.046,1.283
3.739,1.174,2.542,3.423,3.094,1.302,3.047,1.284
3.74,1.173,2.542,3.422,3.093,1.301,3.044,1.283
3.739,1.176,2.54,3.422,3.092,1.301,3.047,1.284
3.739,1.174,2.542,3.423,3.094,1.302,3.047,1.284
3.738,1.173,2.54,3.423,3.096,1.301,3.047,1.284
3.739,1.174,2.542,3.423,3.094,1.302,3.047,1.284
3.74,1.173,2.542,3.423,3.094,1.301,3.046,1.283
3.74,1.173,2.542,3.423,3.094,1.301,3.046,1.283
3.74,1.173,2.542,3.423,3.093,1.301,3.046,1.283
3.74,1.173,2.542,3.424,3.094,1.301,3.047,1.284
3.74,1.174,2.542,3.422,3.093,1.301,3.046,1.284
3.738,1.174,2.54,3.422,3.093,1.301,3.052,1.284
3.738,1.174,2.54,3.422,3.093,1.301,3.048,1.284
3.74,1.174,2.542,3.423,3.093,1.3,3.046,1.283
3.74,1.174,2.542,3.424,3.094,1.301,3.048,1.284
3.74,1.174,2.542,3.423,3.093,1.3,3.047,1.283
3.74,1.173,2.542,3.423,3.094,1.301,3.047,1.283
3.739,1.174,2.542,3.423,3.094,1.301,3.048,1.284
3.74,1.174,2.542,3.422,3.093,1.3,3.047,1.284
3.738,1.174,2.542,3.425,3.094,1.301,3.048,1.284
3.739,1.176,2.542,3.422,3.093,1.301,3.048,1.285
3.74,1.174,2.544,3.423,3.094,1.301,3.048,1.284
3.738,1.174,2.54,3.422,3.093,1.301,3.052,1.284
3.743,1.174,2.542,3.423,3.094,1.301,3.049,1.284
3.738,1.174,2.54,3.422,3.093,1.301,3.051,1.284
3.739,1.174,2.542,3.423,3.094,1.301,3.049,1.284
3.74,1.174,2.542,3.423,3.094,1.301,3.048,1.284
3.738,1.174,2.542,3.423,3.096,1.302,3.049,1.284
3.739,1.174,2.542,3.428,3.094,1.301,3.049,1.284
3.739,1.174,2.542,3.423,3.094,1.301,3.049,1.284
3.738,1.174,2.542,3.425,3.094,1.301,3.049,1.284
3.738,1.174,2.54,3.422,3.094,1.301,3.051,1.284
3.74,1.174,2.542,3.424,3.096,1.301,3.049,1.284
3.74,1.174,2.542,3.423,3.094,1.301,3.048,1.284
3.74,1.174,2.542,3.423,3.094,1.301,3.048,1.284
3.738,1.174,2.54,3.423,3.096,1.302,3.049,1.284
3.739,1.176,2.542,3.423,3.094,1.301,3.051,1.285
3.739,1.176,2.542,3.423,3.096,1.301,3.051,1.285
3.739,1.176,2.542,3.423,3.094,1.301,3.051,1.285
3.739,1.176,2.542,3.422,3.093,1.301,3.048,1.284
3.739,1.176,2.542,3.422,3.093,1.301,3.049,1.285
3.738,1.176,2.54,3.423,3.096,1.302,3.049,1.284
3.738,1.176,2.542,3.424,3.094,1.301,3.049,1.285
3.739,1.176,2.54,3.422,3.093,1.301,3.049,1.285
3.74,1.176,2.542,3.423,3.093,1.301,3.048,1.284
3.738,1.176,2.54,3.422,3.093,1.301,3.052,1.285
3.74,1.176,2.542,3.423,3.094,1.301,3.049,1.284
3.74,1.176,2.542,3.424,3.096,1.301,3.051,1.285
3.739,1.176,2.543,3.428,3.094,1.301,3.051,1.285
3.739,1.176,2.54,3.422,3.093,1.3,3.052,1.287
3.738,1.176,2.54,3.422,3.093,1.301,3.052,1.285
3.739,1.176,2.54,3.422,3.093,1.3,3.051,1.287
3.739,1.176,2.542,3.423,3.096,1.301,3.052,1.285
3.74,1.176,2.544,3.423,3.094,1.301,3.051,1.285
3.741,1.176,2.543,3.423,3.094,1.301,3.052,1.285
3.739,1.176,2.542,3.423,3.094,1.301,3.052,1.285
3.739,1.177,2.543,3.427,3.094,1.301,3.052,1.285
3.739,1.176,2.542,3.424,3.096,1.301,3.052,1.285
3.74,1.176,2.542,3.424,3.096,1.301,3.052,1.285
3.739,1.177,2.542,3.423,3.094,1.301,3.053,1.285
3.74,1.176,2.543,3.424,3.094,1.301,3.052,1.284
3.74,1.176,2.543,3.423,3.094,1.301,3.051,1.284
3.74,1.176,2.542,3.423,3.094,1.301,3.051,1.284
3.738,1.176,2.54,3.422,3.093,1.301,3.054,1.285
3.74,1.176,2.543,3.424,3.094,1.301,3.052,1.284
3.74,1.176,2.543,3.424,3.096,1.301,3.052,1.285
3.738,1.176,2.54,3.422,3.094,1.301,3.055,1.285
3.738,1.177,2.542,3.424,3.098,1.301,3.053,1.285
3.74,1.177,2.542,3.423,3.093,1.301,3.052,1.285
3.739,1.177,2.542,3.422,3.093,1.301,3.052,1.285
3.74,1.176,2.542,3.423,3.094,1.301,3.052,1.284
3.738,1.176,2.54,3.422,3.093,1.301,3.057,1.285
3.738,1.176,2.54,3.422,3.093,1.301,3.054,1.285
3.74,1.176,2.543,3.424,3.094,1.301,3.053,1.285
3.74,1.176,2.543,3.424,3.094,1.301,3.053,1.285
3.738,1.177,2.54,3.422,3.093,1.301,3.057,1.285
3.738,1.177,2.54,3.422,3.093,1.301,3.055,1.287
3.74,1.176,2.543,3.424,3.094,1.302,3.053,1.285
3.739,1.177,2.542,3.424,3.096,1.302,3.054,1.285
3.74,1.176,2.542,3.423,3.094,1.302,3.053,1.285
3.739,1.177,2.542,3.423,3.096,1.302,3.054,1.285
3.738,1.177,2.54,3.422,3.093,1.302,3.057,1.285
3.739,1.177,2.542,3.423,3.096,1.302,3.054,1.285
3.739,1.177,2.542,3.423,3.096,1.302,3.054,1.285
3.739,1.177,2.542,3.423,3.093,1.301,3.053,1.285
3.739,1.177,2.542,3.423,3.096,1.302,3.055,1.285
3.738,1.177,2.54,3.423,3.096,1.302,3.054,1.285
3.74,1.176,2.542,3.423,3.093,1.301,3.053,1.285
3.739,1.178,2.542,3.422,3.093,1.301,3.054,1.287
3.74,1.176,2.543,3.423,3.094,1.302,3.054,1.285
3.738,1.177,2.542,3.428,3.094,1.302,3.054,1.285
3.739,1.177,2.542,3.423,3.094,1.302,3.055,1.285
3.738,1.177,2.54,3.422,3.096,1.304,3.054,1.285
3.74,1.176,2.542,3.423,3.093,1.301,3.053,1.285
3.738,1.177,2.54,3.42,3.093,1.301,3.054,1.287
3.739,1.177,2.542,3.423,3.094,1.302,3.055,1.285
3.739,1.177,2.542,3.423,3.094,1.302,3.055,1.285
3.739,1.176,2.542,3.423,3.094,1.302,3.055,1.285
3.738,1.177,2.54,3.422,3.094,1.302,3.054,1.285
3.739,1.177,2.542,3.423,3.094,1.301,3.055,1.287
3.739,1.177,2.542,3.422,3.093,1.301,3.053,1.285
3.739,1.177,2.542,3.422,3.093,1.301,3.054,1.285
3.739,1.176,2.542,3.423,3.094,1.301,3.055,1.285
3.739,1.177,2.542,3.423,3.094,1.301,3.055,1.285
3.739,1.176,2.542,3.423,3.094,1.301,3.054,1.285
3.738,1.177,2.54,3.42,3.093,1.302,3.059,1.285
3.739,1.177,2.542,3.423,3.094,1.301,3.055,1.285
3.739,1.176,2.542,3.423,3.094,1.301,3.055,1.285
3.739,1.177,2.542,3.423,3.094,1.301,3.057,1.285
3.738,1.177,2.542,3.423,3.094,1.301,3.057,1.287
3.739,1.176,2.542,3.423,3.094,1.301,3.055,1.285
3.738,1.177,2.542,3.423,3.094,1.301,3.055,1.287
3.739,1.177,2.542,3.423,3.094,1.301,3.057,1.285
3.738,1.177,2.542,3.423,3.094,1.301,3.057,1.287
3.739,1.177,2.542,3.423,3.094,1.301,3.057,1.287
3.738,1.178,2.54,3.42,3.093,1.301,3.055,1.287
3.739,1.176,2.542,3.423,3.094,1.301,3.055,1.285
3.739,1.177,2.542,3.423,3.094,1.301,3.057,1.285
3.739,1.176,2.542,3.423,3.094,1.301,3.055,1.285
3.74,1.177,2.542,3.422,3.094,1.301,3.057,1.287
3.738,1.177,2.542,3.423,3.094,1.301,3.058,1.287
3.739,1.177,2.542,3.422,3.093,1.3,3.055,1.285
3.739,1.176,2.542,3.423,3.094,1.301,3.057,1.285
3.739,1.176,2.542,3.423,3.094,1.301,3.055,1.285
3.74,1.177,2.544,3.422,3.094,1.301,3.057,1.287
3.739,1.177,2.542,3.422,3.093,1.3,3.055,1.285
3.738,1.178,2.54,3.42,3.092,1.3,3.057,1.287
3.738,1.177,2.54,3.42,3.093,1.3,3.058,1.288
3.739,1.176,2.542,3.423,3.094,1.301,3.057,1.285
3.739,1.177,2.542,3.422,3.093,1.3,3.055,1.285
3.738,1.177,2.542,3.422,3.094,1.3,3.058,1.287
3.738,1.177,2.542,3.422,3.094,1.3,3.058,1.287
3.738,1.177,2.542,3.422,3.094,1.3,3.058,1.287
3.738,1.177,2.54,3.42,3.092,1.299,3.057,1.287
3.737,1.177,2.542,3.423,3.094,1.3,3.057,1.287
3.738,1.178,2.54,3.42,3.092,1.299,3.057,1.287
3.738,1.177,2.542,3.422,3.094,1.3,3.058,1.287
3.739,1.177,2.542,3.422,3.093,1.299,3.055,1.285
3.739,1.177,2.542,3.422,3.094,1.3,3.058,1.285
3.739,1.176,2.542,3.422,3.093,1.299,3.057,1.285
3.737,1.177,2.54,3.42,3.093,1.3,3.062,1.287
3.738,1.177,2.542,3.422,3.094,1.299,3.058,1.287
3.738,1.177,2.542,3.425,3.093,1.299,3.058,1.287
3.738,1.177,2.542,3.422,3.094,1.299,3.058,1.287
3.739,1.176,2.542,3.422,3.093,1.299,3.057,1.285
3.737,1.177,2.542,3.423,3.093,1.299,3.058,1.287
3.739,1.177,2.54,3.42,3.093,1.298,3.057,1.285
3.737,1.177,2.54,3.423,3.098,1.299,3.058,1.287
3.74,1.177,2.54,3.42,3.093,1.299,3.058,1.287
3.738,1.177,2.54,3.422,3.093,1.299,3.059,1.287
3.739,1.176,2.542,3.422,3.093,1.299,3.057,1.285
3.739,1.176,2.542,3.422,3.094,1.299,3.058,1.285
3.737,1.177,2.54,3.419,3.093,1.299,3.063,1.287
3.738,1.177,2.542,3.422,3.093,1.299,3.059,1.287
3.738,1.177,2.542,3.422,3.094,1.299,3.059,1.287
3.737,1.177,2.54,3.419,3.092,1.299,3.062,1.287
3.739,1.176,2.542,3.422,3.093,1.298,3.059,1.285
3.737,1.177,2.542,3.424,3.093,1.299,3.06,1.287
3.737,1.177,2.542,3.425,3.093,1.299,3.06,1.287
3.737,1.177,2.54,3.419,3.093,1.299,3.065,1.287
3.738,1.177,2.542,3.42,3.093,1.299,3.062,1.287
3.739,1.177,2.54,3.42,3.093,1.299,3.062,1.287
3.738,1.177,2.542,3.422,3.093,1.299,3.062,1.287
3.738,1.182,2.545,3.422,3.096,1.305,3.066,1.293
3.735,1.179,2.543,3.419,3.092,1.304,3.065,1.292
3.734,1.177,2.543,3.418,3.091,1.302,3.064,1.29
3.732,1.176,2.542,3.414,3.088,1.301,3.064,1.289
3.732,1.173,2.543,3.412,3.086,1.301,3.063,1.289
3.729,1.171,2.539,3.412,3.085,1.3,3.063,1.288
3.728,1.169,2.54,3.409,3.082,1.3,3.062,1.287
3.728,1.168,2.539,3.408,3.081,1.299,3.06,1.285
3.726,1.167,2.539,3.407,3.079,1.299,3.06,1.285
3.724,1.166,2.539,3.409,3.079,1.299,3.059,1.285
3.724,1.165,2.537,3.405,3.079,1.299,3.06,1.284
3.724,1.163,2.537,3.405,3.077,1.299,3.058,1.283
3.724,1.163,2.537,3.405,3.076,1.299,3.058,1.283
3.723,1.162,2.535,3.402,3.074,1.299,3.057,1.283
3.728,1.162,2.535,3.402,3.075,1.299,3.058,1.283
3.722,1.161,2.535,3.402,3.075,1.299,3.058,1.283
3.723,1.16,2.535,3.401,3.074,1.298,3.055,1.282
3.723,1.16,2.535,3.401,3.073,1.296,3.054,1.282
3.719,1.16,2.534,3.4,3.074,1.298,3.055,1.282
3.722,1.16,2.535,3.4,3.071,1.294,3.054,1.282
3.722,1.158,2.535,3.4,3.071,1.293,3.053,1.282
3.722,1.157,2.535,3.4,3.073,1.292,3.053,1.281
3.723,1.158,2.535,3.4,3.073,1.29,3.054,1.282
3.719,1.157,2.534,3.4,3.074,1.289,3.053,1.282
3.719,1.157,2.534,3.401,3.073,1.288,3.053,1.281
3.722,1.157,2.537,3.4,3.071,1.287,3.053,1.281
3.726,1.157,2.535,3.4,3.071,1.285,3.053,1.282
3.726,1.157,2.535,3.398,3.071,1.283,3.053,1.281
3.719,1.156,2.534,3.398,3.073,1.283,3.052,1.281
3.722,1.156,2.535,3.4,3.073,1.279,3.052,1.281
3.719,1.156,2.534,3.398,3.071,1.278,3.051,1.281
3.722,1.156,2.535,3.4,3.071,1.274,3.049,1.279
3.721,1.157,2.534,3.397,3.07,1.272,3.049,1.281
3.722,1.156,2.535,3.4,3.071,1.271,3.049,1.279
3.721,1.156,2.534,3.397,3.07,1.267,3.049,1.281
3.722,1.156,2.535,3.4,3.071,1.266,3.048,1.279
3.721,1.156,2.533,3.398,3.07,1.263,3.052,1.279
3.721,1.156,2.533,3.398,3.07,1.26,3.049,1.281
3.724,1.156,2.534,3.4,3.071,1.257,3.048,1.279
3.719,1.156,2.533,3.4,3.073,1.254,3.047,1.278
3.722,1.155,2.534,3.4,3.071,1.25,3.047,1.278
3.724,1.156,2.533,3.4,3.071,1.246,3.048,1.278
3.719,1.156,2.532,3.398,3.071,1.244,3.046,1.278
3.722,1.155,2.533,3.401,3.071,1.239,3.046,1.278
3.722,1.156,2.533,3.4,3.07,1.235,3.044,1.277
3.721,1.156,2.532,3.4,3.071,1.233,3.046,1.278
3.721,1.157,2.532,3.398,3.07,1.229,3.044,1.278
3.721,1.156,2.531,3.398,3.07,1.227,3.044,1.278
3.721,1.156,2.532,3.401,3.071,1.223,3.044,1.277
3.721,1.157,2.532,3.403,3.071,1.219,3.043,1.277
3.722,1.156,2.531,3.401,3.071,1.217,3.043,1.277
3.719,1.156,2.529,3.398,3.069,1.213,3.043,1.278
3.721,1.157,2.529,3.4,3.071,1.21,3.042,1.277
3.721,1.157,2.529,3.4,3.071,1.206,3.042,1.276
3.718,1.157,2.527,3.4,3.074,1.202,3.041,1.276
3.721,1.157,2.528,3.4,3.071,1.2,3.041,1.276
3.719,1.157,2.526,3.398,3.069,1.196,3.042,1.276
3.719,1.157,2.526,3.4,3.07,1.193,3.04,1.276
3.721,1.157,2.526,3.398,3.069,1.189,3.037,1.274
3.719,1.158,2.524,3.398,3.069,1.185,3.037,1.274
3.718,1.157,2.523,3.397,3.068,1.182,3.037,1.276
3.718,1.157,2.523,3.4,3.07,1.179,3.037,1.274
3.719,1.158,2.522,3.398,3.068,1.176,3.035,1.273
3.716,1.158,2.521,3.398,3.071,1.172,3.036,1.273
3.718,1.158,2.521,3.398,3.069,1.169,3.036,1.273
3.718,1.158,2.521,3.398,3.069,1.166,3.033,1.273
3.717,1.16,2.518,3.397,3.066,1.161,3.033,1.273
3.716,1.158,2.517,3.396,3.066,1.158,3.035,1.273
3.717,1.158,2.517,3.397,3.068,1.155,3.033,1.273
3.717,1.158,2.516,3.397,3.066,1.151,3.031,1.272
3.716,1.158,2.515,3.397,3.065,1.147,3.03,1.272
3.716,1.16,2.515,3.396,3.065,1.144,3.03,1.271
3.713,1.16,2.512,3.396,3.066,1.143,3.03,1.271
3.713,1.16,2.512,3.396,3.066,1.139,3.03,1.271
3.713,1.16,2.511,3.396,3.065,1.135,3.03,1.271
3.712,1.16,2.509,3.395,3.064,1.133,3.029,1.271
3.711,1.16,2.509,3.398,3.064,1.129,3.027,1.27
3.711,1.161,2.509,3.397,3.064,1.125,3.027,1.27
3.711,1.161,2.506,3.394,3.062,1.122,3.026,1.27
3.711,1.161,2.505,3.394,3.062,1.118,3.024,1.27
3.711,1.161,2.505,3.395,3.063,1.116,3.025,1.27
3.71,1.161,2.504,3.395,3.063,1.112,3.024,1.268
3.708,1.161,2.501,3.392,3.06,1.108,3.027,1.268
3.707,1.161,2.5,3.392,3.062,1.106,3.022,1.267
3.708,1.161,2.499,3.392,3.06,1.101,3.02,1.267
3.711,1.162,2.498,3.392,3.06,1.097,3.021,1.267
3.705,1.162,2.495,3.391,3.062,1.096,3.02,1.267
3.706,1.161,2.496,3.392,3.06,1.09,3.019,1.266
3.706,1.162,2.496,3.391,3.059,1.086,3.019,1.266
3.704,1.162,2.493,3.391,3.059,1.084,3.019,1.266
3.702,1.162,2.49,3.391,3.062,1.08,3.016,1.265
3.701,1.162,2.49,3.391,3.058,1.077,3.016,1.265
3.702,1.162,2.488,3.389,3.057,1.073,3.016,1.265
3.702,1.162,2.487,3.387,3.055,1.068,3.013,1.263
3.7,1.162,2.485,3.389,3.055,1.066,3.014,1.263
3.704,1.162,2.484,3.387,3.055,1.062,3.013,1.263
3.7,1.162,2.483,3.387,3.054,1.058,3.01,1.262
3.699,1.162,2.482,3.387,3.054,1.055,3.01,1.262
3.698,1.162,2.479,3.386,3.054,1.051,3.01,1.262
3.696,1.162,2.478,3.386,3.053,1.047,3.01,1.262
3.696,1.162,2.477,3.385,3.052,1.044,3.008,1.261
3.695,1.162,2.474,3.385,3.052,1.04,3.008,1.261
3.695,1.162,2.473,3.384,3.051,1.036,3.005,1.26
3.694,1.162,2.472,3.383,3.049,1.031,3.005,1.26
3.691,1.162,2.469,3.38,3.048,1.029,3.008,1.26
3.69,1.162,2.468,3.384,3.048,1.025,3.004,1.26
3.691,1.162,2.467,3.381,3.048,1.022,3.004,1.259
3.689,1.162,2.466,3.38,3.048,1.018,3.003,1.259
3.688,1.162,2.463,3.378,3.044,1.014,3.002,1.259
3.688,1.162,2.462,3.379,3.046,1.012,2.999,1.257
3.688,1.162,2.46,3.378,3.044,1.008,2.998,1.256
3.684,1.162,2.457,3.376,3.043,1.006,2.999,1.256
3.684,1.165,2.456,3.375,3.042,1.001,2.998,1.256
3.683,1.162,2.455,3.376,3.043,0.999,2.997,1.256
3.683,1.162,2.454,3.375,3.042,0.995,2.996,1.255
3.682,1.162,2.452,3.375,3.042,0.992,2.996,1.255
3.68,1.162,2.45,3.374,3.04,0.989,2.993,1.254
3.679,1.162,2.449,3.373,3.04,0.985,2.993,1.254
3.679,1.162,2.446,3.372,3.038,0.981,2.991,1.254
3.677,1.162,2.446,3.37,3.037,0.979,2.992,1.254
3.674,1.162,2.443,3.37,3.04,0.977,2.991,1.252
3.676,1.162,2.441,3.369,3.036,0.973,2.988,1.252
3.672,1.162,2.439,3.369,3.036,0.97,2.988,1.252
3.673,1.163,2.438,3.367,3.033,0.967,2.986,1.251
3.671,1.162,2.435,3.365,3.032,0.964,2.986,1.252
3.671,1.161,2.434,3.367,3.033,0.962,2.985,1.251
3.669,1.162,2.433,3.365,3.032,0.959,2.985,1.25
3.667,1.162,2.43,3.368,3.031,0.957,2.983,1.25
3.666,1.162,2.428,3.363,3.03,0.955,2.983,1.25
3.666,1.162,2.427,3.362,3.029,0.951,2.98,1.249
3.665,1.163,2.424,3.359,3.027,0.948,2.98,1.249
3.663,1.161,2.423,3.361,3.029,0.946,2.98,1.249
3.663,1.161,2.421,3.359,3.026,0.944,2.977,1.248
3.661,1.161,2.419,3.358,3.026,0.941,2.977,1.248
3.66,1.161,2.417,3.357,3.025,0.939,2.976,1.248
3.658,1.161,2.416,3.357,3.025,0.935,2.975,1.246
3.658,1.161,2.413,3.354,3.022,0.931,2.972,1.245
3.656,1.161,2.411,3.353,3.021,0.929,2.971,1.246
3.654,1.161,2.408,3.353,3.024,0.927,2.971,1.245
3.655,1.16,2.407,3.352,3.02,0.924,2.969,1.244
3.652,1.16,2.406,3.351,3.02,0.922,2.97,1.244
3.651,1.16,2.404,3.351,3.02,0.919,2.968,1.244
3.65,1.158,2.401,3.348,3.018,0.916,2.965,1.243
3.649,1.16,2.4,3.348,3.018,0.914,2.965,1.243
3.647,1.158,2.397,3.347,3.016,0.912,2.964,1.243
3.646,1.158,2.396,3.346,3.015,0.909,2.961,1.241
3.645,1.158,2.396,3.344,3.014,0.907,2.961,1.243
3.644,1.158,2.391,3.342,3.014,0.905,2.961,1.241
3.645,1.158,2.389,3.342,3.013,0.902,2.96,1.241
3.641,1.157,2.388,3.341,3.011,0.9,2.958,1.24
3.639,1.158,2.384,3.337,3.009,0.898,2.959,1.243
3.64,1.158,2.383,3.339,3.009,0.896,2.957,1.24
3.638,1.157,2.382,3.337,3.009,0.892,2.954,1.239
3.636,1.157,2.379,3.336,3.008,0.891,2.954,1.239
3.635,1.156,2.378,3.335,3.007,0.889,2.952,1.238
3.633,1.157,2.375,3.334,3.007,0.886,2.952,1.239
3.633,1.156,2.374,3.333,3.004,0.884,2.949,1.238
3.632,1.156,2.372,3.331,3.003,0.881,2.948,1.237
3.628,1.156,2.368,3.33,3.004,0.88,2.948,1.238
3.629,1.155,2.368,3.33,3.002,0.875,2.947,1.237
3.627,1.156,2.366,3.328,3,0.873,2.944,1.237
3.627,1.155,2.363,3.326,2.999,0.87,2.943,1.235
3.625,1.154,2.362,3.326,2.999,0.868,2.942,1.235
3.622,1.155,2.358,3.323,2.997,0.867,2.943,1.237
3.621,1.155,2.357,3.323,2.998,0.864,2.942,1.235
3.621,1.154,2.355,3.322,2.996,0.862,2.938,1.234
3.618,1.154,2.354,3.32,2.996,0.861,2.939,1.234
3.617,1.155,2.351,3.318,2.993,0.858,2.937,1.233
3.616,1.152,2.349,3.318,2.994,0.856,2.937,1.233
3.615,1.152,2.346,3.315,2.991,0.853,2.936,1.234
3.615,1.151,2.346,3.317,2.992,0.852,2.933,1.232
3.611,1.152,2.341,3.314,2.992,0.851,2.932,1.232
3.611,1.151,2.341,3.314,2.991,0.847,2.931,1.232
3.608,1.151,2.338,3.311,2.988,0.845,2.931,1.232
3.61,1.15,2.338,3.312,2.988,0.844,2.928,1.23
3.606,1.151,2.335,3.309,2.987,0.841,2.927,1.23
3.606,1.15,2.333,3.308,2.986,0.839,2.926,1.23
3.605,1.151,2.33,3.306,2.983,0.836,2.925,1.23
3.602,1.15,2.329,3.306,2.983,0.834,2.925,1.229
3.6,1.149,2.325,3.303,2.983,0.833,2.922,1.229
3.604,1.149,2.324,3.303,2.982,0.83,2.922,1.228
3.602,1.149,2.323,3.302,2.981,0.828,2.921,1.228
3.599,1.147,2.323,3.301,2.98,0.825,2.92,1.228
3.596,1.147,2.319,3.3,2.98,0.823,2.919,1.227
3.596,1.146,2.317,3.298,2.979,0.822,2.916,1.227
3.594,1.146,2.314,3.296,2.977,0.819,2.916,1.227
3.593,1.146,2.313,3.295,2.975,0.817,2.914,1.226
3.591,1.146,2.314,3.293,2.975,0.815,2.914,1.226
3.588,1.145,2.308,3.293,2.979,0.813,2.913,1.226
3.586,1.145,2.306,3.291,2.974,0.812,2.911,1.224
3.585,1.144,2.305,3.289,2.972,0.809,2.91,1.224
3.585,1.144,2.303,3.29,2.971,0.807,2.91,1.224
3.584,1.143,2.301,3.289,2.971,0.804,2.908,1.223
3.584,1.144,2.301,3.286,2.969,0.803,2.906,1.223
3.582,1.143,2.297,3.285,2.969,0.802,2.906,1.223
3.579,1.143,2.296,3.286,2.966,0.8,2.904,1.223
3.579,1.141,2.294,3.282,2.966,0.797,2.903,1.222
3.578,1.14,2.292,3.281,2.965,0.796,2.902,1.222
3.575,1.14,2.29,3.28,2.965,0.793,2.902,1.222
3.574,1.14,2.288,3.276,2.961,0.791,2.9,1.222
3.572,1.14,2.285,3.275,2.961,0.79,2.902,1.221
3.573,1.139,2.284,3.275,2.96,0.787,2.897,1.219
3.569,1.139,2.281,3.275,2.963,0.786,2.897,1.219
3.574,1.139,2.28,3.273,2.959,0.784,2.896,1.219
3.568,1.138,2.28,3.271,2.958,0.782,2.894,1.219
3.566,1.138,2.277,3.271,2.957,0.78,2.893,1.218
3.566,1.138,2.274,3.269,2.957,0.779,2.893,1.218
3.564,1.136,2.273,3.268,2.955,0.778,2.892,1.218
3.563,1.135,2.271,3.267,2.955,0.775,2.889,1.217
3.561,1.135,2.268,3.263,2.954,0.774,2.888,1.217
3.562,1.135,2.267,3.263,2.952,0.773,2.888,1.217
3.56,1.134,2.266,3.262,2.952,0.77,2.886,1.216
3.556,1.134,2.262,3.262,2.952,0.769,2.885,1.216
3.557,1.134,2.263,3.259,2.949,0.767,2.885,1.216
3.556,1.133,2.26,3.258,2.949,0.765,2.883,1.216
3.555,1.133,2.257,3.257,2.947,0.763,2.881,1.215
3.552,1.132,2.256,3.256,2.947,0.762,2.881,1.215
3.55,1.132,2.252,3.252,2.946,0.76,2.88,1.215
3.549,1.132,2.251,3.253,2.948,0.758,2.878,1.215
3.55,1.13,2.252,3.251,2.943,0.756,2.877,1.215
3.547,1.13,2.247,3.25,2.943,0.754,2.877,1.213
3.545,1.129,2.245,3.247,2.941,0.753,2.877,1.213
3.549,1.129,2.244,3.247,2.941,0.752,2.875,1.213
3.544,1.128,2.244,3.245,2.939,0.75,2.874,1.212
3.541,1.128,2.24,3.245,2.938,0.748,2.871,1.212
3.544,1.127,2.238,3.242,2.938,0.747,2.871,1.212
3.54,1.125,2.236,3.241,2.937,0.745,2.869,1.211
3.539,1.125,2.235,3.24,2.936,0.743,2.867,1.211
3.536,1.125,2.231,3.237,2.935,0.742,2.87,1.211
3.536,1.124,2.231,3.237,2.935,0.74,2.866,1.21
3.533,1.124,2.228,3.235,2.933,0.739,2.865,1.21
3.531,1.123,2.225,3.232,2.932,0.737,2.864,1.21
3.533,1.123,2.225,3.232,2.931,0.735,2.861,1.208
3.53,1.122,2.223,3.231,2.931,0.734,2.863,1.208
3.53,1.122,2.222,3.23,2.93,0.731,2.86,1.208
3.528,1.121,2.218,3.228,2.927,0.73,2.861,1.21
3.525,1.121,2.218,3.23,2.927,0.729,2.858,1.207
3.528,1.121,2.216,3.225,2.926,0.726,2.858,1.207
3.524,1.119,2.213,3.224,2.924,0.725,2.855,1.207
3.523,1.121,2.212,3.221,2.924,0.724,2.854,1.206
3.522,1.118,2.211,3.223,2.924,0.723,2.854,1.206
3.522,1.117,2.209,3.22,2.922,0.72,2.853,1.205
3.518,1.117,2.207,3.219,2.921,0.719,2.853,1.206
3.518,1.117,2.205,3.218,2.921,0.718,2.852,1.206
3.517,1.116,2.203,3.215,2.92,0.717,2.85,1.205
3.514,1.116,2.2,3.213,2.917,0.715,2.849,1.206
3.514,1.116,2.2,3.213,2.917,0.713,2.848,1.205
3.513,1.115,2.197,3.212,2.917,0.712,2.847,1.204
3.51,1.115,2.195,3.21,2.92,0.71,2.845,1.204
3.511,1.113,2.195,3.209,2.914,0.709,2.843,1.202
3.51,1.112,2.192,3.208,2.914,0.708,2.842,1.202
3.507,1.112,2.19,3.204,2.913,0.707,2.845,1.202
3.506,1.111,2.187,3.203,2.911,0.704,2.842,1.204
3.506,1.11,2.186,3.203,2.91,0.703,2.838,1.201
3.503,1.11,2.185,3.202,2.91,0.702,2.838,1.201
3.502,1.11,2.183,3.199,2.909,0.701,2.841,1.201
3.5,1.108,2.18,3.198,2.91,0.699,2.836,1.2
3.501,1.108,2.183,3.197,2.908,0.697,2.834,1.2
3.499,1.107,2.178,3.196,2.906,0.696,2.834,1.2
3.499,1.106,2.177,3.196,2.906,0.695,2.832,1.2
3.495,1.106,2.174,3.195,2.908,0.693,2.831,1.199
3.495,1.107,2.173,3.191,2.903,0.692,2.83,1.199
3.492,1.105,2.17,3.191,2.904,0.692,2.83,1.199
3.492,1.105,2.169,3.193,2.902,0.69,2.828,1.199
3.49,1.104,2.167,3.187,2.9,0.688,2.83,1.198
3.491,1.102,2.167,3.187,2.9,0.686,2.825,1.198
3.489,1.102,2.166,3.185,2.899,0.685,2.825,1.198
3.488,1.102,2.162,3.182,2.897,0.684,2.825,1.199
3.488,1.101,2.162,3.182,2.897,0.682,2.822,1.196
3.484,1.101,2.158,3.181,2.898,0.682,2.821,1.196
3.486,1.1,2.157,3.18,2.896,0.68,2.821,1.196
3.483,1.1,2.156,3.179,2.896,0.68,2.82,1.196
3.48,1.099,2.153,3.177,2.896,0.677,2.819,1.195
3.481,1.097,2.152,3.176,2.893,0.676,2.816,1.194
3.479,1.097,2.152,3.175,2.892,0.675,2.816,1.195
3.479,1.096,2.15,3.174,2.892,0.675,2.815,1.194
3.477,1.096,2.148,3.174,2.889,0.673,2.814,1.194
3.477,1.095,2.146,3.17,2.888,0.671,2.811,1.194
3.475,1.095,2.145,3.169,2.888,0.67,2.81,1.193
3.473,1.094,2.141,3.167,2.886,0.669,2.812,1.194
3.472,1.094,2.14,3.165,2.886,0.668,2.809,1.194
3.472,1.093,2.139,3.165,2.886,0.667,2.809,1.193
3.469,1.093,2.136,3.163,2.883,0.665,2.808,1.193
3.469,1.091,2.136,3.163,2.885,0.664,2.806,1.191
3.468,1.091,2.134,3.16,2.882,0.663,2.804,1.191
3.466,1.09,2.131,3.159,2.883,0.663,2.804,1.191
3.466,1.089,2.131,3.159,2.882,0.662,2.804,1.19
3.464,1.089,2.13,3.158,2.881,0.66,2.802,1.19
3.464,1.089,2.128,3.156,2.88,0.659,2.802,1.19
3.461,1.088,2.125,3.153,2.877,0.658,2.803,1.19
3.461,1.086,2.124,3.153,2.877,0.657,2.799,1.19
3.459,1.086,2.123,3.152,2.877,0.656,2.799,1.189
3.458,1.085,2.122,3.153,2.876,0.654,2.797,1.189
3.458,1.085,2.119,3.148,2.874,0.653,2.794,1.188
3.457,1.084,2.118,3.148,2.875,0.652,2.795,1.188
3.455,1.084,2.117,3.147,2.874,0.651,2.794,1.188
3.457,1.083,2.114,3.145,2.872,0.649,2.793,1.188
3.453,1.083,2.113,3.143,2.87,0.648,2.791,1.187
3.452,1.082,2.112,3.143,2.871,0.647,2.791,1.187
3.45,1.08,2.109,3.14,2.869,0.647,2.792,1.187
3.448,1.08,2.108,3.138,2.867,0.645,2.788,1.188
3.447,1.08,2.106,3.138,2.871,0.643,2.787,1.187
3.448,1.079,2.106,3.137,2.867,0.642,2.786,1.185
3.446,1.079,2.103,3.135,2.865,0.641,2.784,1.185
3.447,1.078,2.102,3.135,2.865,0.641,2.784,1.185
3.444,1.078,2.101,3.132,2.864,0.638,2.783,1.185
3.442,1.077,2.098,3.131,2.863,0.638,2.783,1.185
3.44,1.075,2.097,3.131,2.866,0.637,2.781,1.184
3.441,1.074,2.096,3.13,2.863,0.636,2.781,1.184
3.44,1.074,2.095,3.129,2.861,0.635,2.78,1.184
3.439,1.074,2.094,3.126,2.859,0.634,2.777,1.183
3.435,1.073,2.091,3.126,2.861,0.632,2.777,1.183
3.436,1.073,2.09,3.124,2.858,0.631,2.775,1.183
3.434,1.072,2.089,3.125,2.861,0.63,2.775,1.183
3.433,1.071,2.086,3.121,2.858,0.63,2.773,1.182
3.431,1.071,2.085,3.121,2.858,0.629,2.773,1.182
3.433,1.069,2.085,3.12,2.855,0.627,2.771,1.182
3.43,1.069,2.083,3.118,2.855,0.626,2.771,1.182
3.429,1.068,2.081,3.115,2.853,0.625,2.77,1.182
3.428,1.068,2.08,3.118,2.853,0.624,2.769,1.18
3.428,1.067,2.079,3.113,2.852,0.623,2.766,1.18
3.428,1.066,2.078,3.113,2.85,0.621,2.766,1.179
3.427,1.066,2.075,3.112,2.85,0.621,2.766,1.18
3.423,1.066,2.074,3.112,2.85,0.62,2.765,1.179
3.424,1.064,2.073,3.11,2.849,0.619,2.764,1.179
3.422,1.063,2.072,3.107,2.847,0.618,2.762,1.179
3.422,1.063,2.07,3.107,2.848,0.616,2.762,1.179
3.42,1.062,2.069,3.105,2.847,0.616,2.761,1.178
3.419,1.062,2.067,3.103,2.844,0.615,2.76,1.178
3.419,1.061,2.067,3.103,2.845,0.614,2.759,1.177
3.418,1.06,2.064,3.102,2.843,0.613,2.756,1.177
3.416,1.06,2.062,3.099,2.842,0.612,2.759,1.179
3.414,1.06,2.062,3.099,2.843,0.612,2.756,1.177
3.413,1.058,2.061,3.098,2.842,0.61,2.755,1.177
3.412,1.057,2.059,3.101,2.841,0.61,2.754,1.177
3.411,1.057,2.057,3.098,2.841,0.609,2.753,1.177
3.411,1.056,2.057,3.098,2.839,0.608,2.751,1.176
3.409,1.056,2.053,3.092,2.837,0.607,2.751,1.177
3.409,1.055,2.053,3.092,2.838,0.607,2.75,1.174
3.406,1.055,2.051,3.091,2.838,0.607,2.749,1.176
3.407,1.055,2.05,3.088,2.836,0.604,2.748,1.174
3.407,1.052,2.05,3.088,2.836,0.603,2.747,1.174
3.405,1.052,2.047,3.086,2.834,0.602,2.749,1.174
3.402,1.052,2.045,3.085,2.834,0.602,2.745,1.174
3.405,1.051,2.045,3.085,2.833,0.601,2.743,1.173
3.406,1.051,2.043,3.083,2.833,0.599,2.744,1.173
3.401,1.05,2.042,3.083,2.833,0.598,2.743,1.173
3.4,1.05,2.041,3.08,2.83,0.597,2.74,1.173
3.403,1.049,2.04,3.08,2.831,0.597,2.74,1.173
3.398,1.049,2.039,3.079,2.828,0.596,2.739,1.172
3.397,1.047,2.036,3.077,2.83,0.596,2.739,1.172
3.397,1.046,2.036,3.076,2.828,0.594,2.737,1.172
3.396,1.046,2.035,3.076,2.828,0.594,2.737,1.171
3.395,1.045,2.034,3.075,2.827,0.593,2.736,1.171
3.392,1.045,2.03,3.071,2.826,0.593,2.738,1.171
3.392,1.045,2.029,3.07,2.825,0.592,2.734,1.172
3.391,1.045,2.028,3.07,2.823,0.591,2.732,1.171
3.391,1.042,2.028,3.07,2.825,0.591,2.731,1.169
3.389,1.042,2.025,3.068,2.823,0.59,2.733,1.169
3.39,1.041,2.025,3.066,2.823,0.59,2.731,1.169
3.387,1.041,2.023,3.065,2.821,0.588,2.728,1.169
3.386,1.041,2.021,3.064,2.82,0.587,2.727,1.169
3.385,1.04,2.02,3.063,2.821,0.587,2.727,1.169
3.385,1.039,2.02,3.063,2.821,0.586,2.726,1.168
3.385,1.039,2.018,3.06,2.819,0.585,2.725,1.168
3.384,1.038,2.017,3.06,2.82,0.585,2.725,1.168
3.383,1.036,2.015,3.059,2.819,0.583,2.722,1.167
3.381,1.038,2.014,3.057,2.816,0.583,2.722,1.168
3.381,1.035,2.013,3.057,2.816,0.582,2.721,1.167
3.383,1.035,2.012,3.055,2.816,0.582,2.721,1.168
3.379,1.035,2.01,3.054,2.815,0.581,2.719,1.167
3.378,1.034,2.009,3.053,2.815,0.581,2.72,1.167
3.375,1.033,2.008,3.054,2.814,0.58,2.719,1.167
3.375,1.033,2.007,3.052,2.814,0.579,2.717,1.167
3.374,1.031,2.004,3.049,2.812,0.579,2.719,1.166
3.375,1.031,2.004,3.049,2.811,0.577,2.715,1.166
3.374,1.03,2.003,3.048,2.812,0.576,2.715,1.166
3.373,1.029,2.002,3.047,2.811,0.576,2.712,1.165
3.372,1.029,2.001,3.047,2.811,0.575,2.714,1.166
3.369,1.029,2,3.047,2.811,0.574,2.711,1.165
3.37,1.028,1.998,3.044,2.81,0.574,2.711,1.165
3.369,1.028,1.997,3.043,2.809,0.573,2.711,1.165
3.369,1.027,1.996,3.042,2.809,0.571,2.709,1.165
3.367,1.027,1.995,3.041,2.808,0.571,2.709,1.165
3.367,1.025,1.993,3.04,2.808,0.57,2.708,1.165
3.369,1.025,1.992,3.038,2.806,0.569,2.708,1.163
3.365,1.025,1.991,3.036,2.804,0.569,2.705,1.163
3.363,1.024,1.989,3.035,2.805,0.569,2.706,1.163
3.362,1.023,1.987,3.035,2.804,0.568,2.704,1.163
3.362,1.023,1.986,3.033,2.803,0.566,2.705,1.163
3.362,1.023,1.986,3.032,2.802,0.565,2.701,1.162
3.362,1.021,1.986,3.032,2.803,0.565,2.701,1.162
3.359,1.022,1.984,3.03,2.8,0.565,2.7,1.162
3.362,1.021,1.982,3.03,2.802,0.564,2.7,1.162
3.358,1.019,1.981,3.03,2.802,0.564,2.699,1.162
3.357,1.019,1.981,3.03,2.799,0.564,2.698,1.162
3.358,1.018,1.979,3.027,2.799,0.563,2.698,1.161
3.354,1.018,1.978,3.027,2.803,0.563,2.697,1.161
3.354,1.017,1.978,3.025,2.798,0.562,2.697,1.161
3.356,1.017,1.976,3.024,2.798,0.56,2.695,1.161
3.352,1.016,1.974,3.022,2.798,0.56,2.693,1.16
3.353,1.014,1.974,3.022,2.797,0.559,2.693,1.16
3.351,1.014,1.971,3.02,2.794,0.559,2.692,1.161
3.352,1.013,1.971,3.02,2.795,0.558,2.69,1.16
3.35,1.013,1.97,3.018,2.793,0.558,2.69,1.16
3.353,1.013,1.969,3.018,2.794,0.557,2.69,1.16
3.348,1.012,1.968,3.016,2.792,0.557,2.688,1.158
3.348,1.012,1.967,3.016,2.793,0.555,2.688,1.158
3.347,1.011,1.967,3.015,2.792,0.555,2.686,1.158
3.347,1.01,1.965,3.015,2.792,0.554,2.686,1.158
3.346,1.01,1.964,3.013,2.789,0.554,2.684,1.158
3.345,1.01,1.963,3.011,2.789,0.553,2.683,1.157
3.344,1.008,1.96,3.009,2.788,0.553,2.684,1.16
3.342,1.008,1.959,3.009,2.788,0.553,2.686,1.157
3.341,1.007,1.959,3.009,2.792,0.553,2.682,1.157
3.342,1.007,1.958,3.008,2.787,0.552,2.679,1.156
3.341,1.006,1.958,3.008,2.788,0.552,2.679,1.156
3.34,1.006,1.957,3.007,2.787,0.552,2.679,1.156
3.339,1.005,1.954,3.004,2.784,0.551,2.678,1.157
3.339,1.005,1.954,3.004,2.784,0.549,2.676,1.156
3.339,1.003,1.953,3.003,2.786,0.549,2.676,1.155
3.336,1.003,1.951,3,2.783,0.548,2.676,1.157
3.336,1.002,1.951,3.002,2.784,0.548,2.676,1.155
3.336,1.002,1.951,3,2.783,0.548,2.675,1.155
3.335,1.001,1.949,2.999,2.783,0.547,2.673,1.155
3.334,1.001,1.948,2.999,2.783,0.547,2.673,1.155
3.333,1.001,1.948,2.997,2.781,0.546,2.672,1.155
3.331,1,1.946,2.998,2.781,0.546,2.671,1.155
3.331,0.999,1.945,2.996,2.781,0.544,2.671,1.155
3.33,0.999,1.943,2.993,2.778,0.543,2.67,1.155
3.331,0.997,1.942,2.993,2.778,0.543,2.667,1.154
3.33,0.997,1.942,2.993,2.778,0.543,2.667,1.154
3.33,0.997,1.942,2.991,2.778,0.542,2.667,1.154
3.328,0.996,1.94,2.991,2.778,0.542,2.667,1.154
3.326,0.996,1.938,2.99,2.778,0.541,2.665,1.152
3.326,0.995,1.938,2.99,2.777,0.54,2.665,1.152
3.325,0.995,1.936,2.987,2.775,0.54,2.664,1.152
3.325,0.994,1.936,2.987,2.776,0.538,2.664,1.152
3.325,0.992,1.935,2.987,2.776,0.538,2.662,1.151
3.324,0.992,1.935,2.986,2.773,0.537,2.66,1.151
3.323,0.994,1.932,2.983,2.772,0.537,2.66,1.154
3.323,0.991,1.932,2.983,2.773,0.537,2.66,1.151
3.323,0.99,1.931,2.983,2.772,0.536,2.659,1.151
3.322,0.99,1.93,2.981,2.771,0.536,2.657,1.151
3.32,0.99,1.929,2.98,2.77,0.535,2.656,1.15
3.318,0.989,1.929,2.983,2.771,0.535,2.656,1.151
3.318,0.989,1.927,2.98,2.772,0.535,2.655,1.15
3.317,0.989,1.926,2.979,2.772,0.535,2.655,1.15
3.317,0.988,1.925,2.976,2.767,0.533,2.654,1.151
3.317,0.988,1.925,2.976,2.769,0.533,2.654,1.15
3.319,0.986,1.924,2.975,2.769,0.532,2.653,1.15
3.314,0.988,1.921,2.974,2.766,0.532,2.651,1.15
3.315,0.985,1.921,2.974,2.766,0.532,2.65,1.149
3.314,0.985,1.92,2.972,2.767,0.531,2.65,1.149
3.312,0.984,1.919,2.97,2.766,0.531,2.653,1.149
3.313,0.983,1.919,2.971,2.766,0.53,2.648,1.149
3.312,0.983,1.918,2.97,2.764,0.53,2.646,1.147
3.311,0.983,1.917,2.968,2.764,0.53,2.648,1.15
3.311,0.981,1.917,2.969,2.764,0.53,2.646,1.149
3.308,0.981,1.914,2.966,2.764,0.529,2.645,1.147
3.308,0.98,1.914,2.968,2.762,0.529,2.645,1.147
3.309,0.979,1.914,2.965,2.762,0.527,2.643,1.146
3.307,0.981,1.912,2.963,2.76,0.527,2.643,1.147
3.308,0.979,1.912,2.964,2.761,0.526,2.642,1.146
3.306,0.978,1.91,2.963,2.761,0.526,2.643,1.146
3.304,0.978,1.909,2.961,2.764,0.526,2.64,1.146
3.306,0.977,1.909,2.96,2.759,0.525,2.639,1.146
3.306,0.977,1.908,2.959,2.759,0.525,2.64,1.146
3.303,0.977,1.907,2.958,2.758,0.525,2.639,1.147
3.303,0.975,1.906,2.958,2.756,0.525,2.637,1.145
3.302,0.975,1.906,2.957,2.756,0.524,2.637,1.145
3.302,0.974,1.904,2.957,2.756,0.524,2.635,1.145
3.301,0.973,1.903,2.955,2.755,0.524,2.634,1.144
3.301,0.973,1.904,2.955,2.755,0.524,2.635,1.145
3.301,0.972,1.902,2.954,2.755,0.522,2.633,1.144
3.3,0.972,1.901,2.953,2.754,0.522,2.632,1.144
3.297,0.972,1.899,2.95,2.754,0.522,2.635,1.144
3.297,0.97,1.899,2.952,2.754,0.521,2.633,1.144
3.301,0.97,1.898,2.95,2.753,0.521,2.632,1.144
3.296,0.97,1.897,2.949,2.753,0.521,2.631,1.144
3.298,0.969,1.897,2.948,2.751,0.52,2.631,1.144
3.296,0.969,1.896,2.948,2.751,0.52,2.629,1.144
3.293,0.968,1.895,2.947,2.751,0.519,2.629,1.143
3.293,0.967,1.895,2.947,2.75,0.519,2.627,1.143
3.293,0.967,1.893,2.946,2.75,0.518,2.627,1.143
3.292,0.966,1.892,2.944,2.749,0.518,2.625,1.141
3.29,0.966,1.891,2.943,2.749,0.518,2.625,1.143
3.289,0.966,1.89,2.942,2.749,0.516,2.625,1.141
3.29,0.964,1.891,2.943,2.748,0.515,2.625,1.141
3.289,0.964,1.888,2.939,2.747,0.515,2.625,1.141
3.287,0.963,1.887,2.939,2.748,0.515,2.622,1.141
3.289,0.963,1.887,2.938,2.745,0.514,2.621,1.14
3.287,0.962,1.886,2.938,2.747,0.513,2.622,1.141
3.287,0.962,1.886,2.937,2.744,0.513,2.618,1.14
3.285,0.961,1.884,2.936,2.744,0.513,2.622,1.14
3.286,0.961,1.885,2.937,2.744,0.511,2.618,1.14
3.285,0.959,1.884,2.935,2.743,0.51,2.617,1.139
3.284,0.959,1.882,2.935,2.743,0.51,2.617,1.14
3.284,0.958,1.882,2.935,2.743,0.51,2.616,1.139
3.282,0.958,1.881,2.932,2.742,0.51,2.616,1.139
3.28,0.958,1.88,2.931,2.742,0.51,2.615,1.139
3.28,0.958,1.879,2.93,2.739,0.508,2.614,1.139
3.281,0.957,1.879,2.931,2.74,0.508,2.614,1.139
3.281,0.956,1.879,2.928,2.739,0.508,2.612,1.139
3.278,0.956,1.876,2.928,2.74,0.508,2.612,1.138
3.278,0.955,1.875,2.927,2.742,0.507,2.611,1.138
3.278,0.955,1.874,2.926,2.737,0.507,2.61,1.139
3.278,0.953,1.874,2.926,2.737,0.505,2.609,1.138
3.278,0.953,1.874,2.925,2.737,0.505,2.609,1.136
3.275,0.953,1.873,2.927,2.737,0.505,2.609,1.138
3.276,0.952,1.873,2.924,2.736,0.504,2.606,1.136
3.274,0.952,1.87,2.922,2.737,0.505,2.606,1.136
3.274,0.951,1.87,2.921,2.734,0.504,2.607,1.136
3.274,0.95,1.869,2.921,2.734,0.504,2.604,1.136
3.273,0.95,1.869,2.921,2.734,0.504,2.605,1.136
3.273,0.948,1.868,2.92,2.734,0.503,2.604,1.136
3.27,0.948,1.866,2.917,2.734,0.503,2.603,1.135
3.27,0.948,1.865,2.916,2.732,0.503,2.606,1.135
3.27,0.948,1.865,2.916,2.731,0.502,2.601,1.135
3.27,0.948,1.864,2.915,2.731,0.502,2.6,1.135
3.269,0.946,1.864,2.916,2.732,0.502,2.6,1.135
3.268,0.946,1.864,2.917,2.731,0.5,2.6,1.135
3.267,0.946,1.863,2.915,2.731,0.5,2.599,1.135
3.268,0.945,1.862,2.914,2.729,0.5,2.598,1.134
3.267,0.945,1.86,2.911,2.728,0.5,2.596,1.134
3.267,0.944,1.86,2.913,2.729,0.499,2.598,1.134
3.265,0.944,1.86,2.911,2.729,0.499,2.596,1.134
3.264,0.942,1.858,2.91,2.729,0.499,2.595,1.134
3.264,0.942,1.858,2.909,2.727,0.498,2.595,1.134
3.264,0.941,1.857,2.909,2.727,0.498,2.594,1.134
3.263,0.941,1.857,2.908,2.727,0.498,2.594,1.133
3.263,0.94,1.855,2.906,2.726,0.497,2.593,1.133
3.263,0.94,1.855,2.906,2.726,0.497,2.592,1.133
3.262,0.939,1.854,2.906,2.726,0.497,2.59,1.133
3.26,0.939,1.853,2.904,2.723,0.496,2.589,1.133
3.26,0.939,1.854,2.904,2.723,0.496,2.589,1.133
3.259,0.937,1.852,2.903,2.723,0.496,2.589,1.132
3.259,0.936,1.852,2.903,2.723,0.496,2.588,1.132
3.258,0.936,1.851,2.902,2.723,0.494,2.588,1.132
3.258,0.935,1.851,2.902,2.722,0.494,2.587,1.13
3.258,0.935,1.849,2.9,2.722,0.494,2.587,1.132
3.257,0.935,1.848,2.898,2.721,0.493,2.584,1.13
3.256,0.935,1.848,2.898,2.721,0.494,2.585,1.13
3.254,0.934,1.847,2.897,2.721,0.494,2.583,1.13
3.254,0.934,1.846,2.896,2.719,0.493,2.584,1.13
3.254,0.934,1.846,2.896,2.719,0.492,2.582,1.13
3.254,0.933,1.844,2.894,2.719,0.492,2.581,1.129
3.254,0.931,1.844,2.894,2.719,0.492,2.579,1.129
3.253,0.93,1.844,2.894,2.719,0.492,2.581,1.129
3.252,0.93,1.843,2.893,2.719,0.492,2.581,1.129
3.252,0.93,1.842,2.893,2.717,0.491,2.578,1.129
3.251,0.93,1.842,2.892,2.717,0.491,2.579,1.129
3.251,0.929,1.841,2.892,2.716,0.491,2.578,1.129
3.253,0.929,1.84,2.891,2.716,0.49,2.577,1.129
3.25,0.928,1.84,2.889,2.716,0.49,2.576,1.128
3.25,0.927,1.84,2.889,2.715,0.49,2.576,1.128
3.25,0.927,1.838,2.888,2.715,0.488,2.574,1.128
3.247,0.927,1.837,2.891,2.714,0.488,2.574,1.128
3.247,0.925,1.837,2.887,2.715,0.488,2.573,1.128
3.247,0.925,1.838,2.886,2.712,0.488,2.573,1.128
3.247,0.925,1.835,2.885,2.712,0.487,2.572,1.128
3.246,0.924,1.835,2.886,2.712,0.487,2.571,1.127
3.243,0.924,1.833,2.883,2.711,0.487,2.572,1.127
3.245,0.924,1.836,2.883,2.711,0.486,2.57,1.127
3.243,0.923,1.832,2.881,2.71,0.486,2.57,1.127
3.243,0.923,1.832,2.882,2.71,0.485,2.567,1.125
3.241,0.922,1.831,2.881,2.711,0.486,2.568,1.127
3.242,0.922,1.831,2.881,2.71,0.485,2.567,1.125
3.24,0.92,1.83,2.88,2.71,0.485,2.566,1.125
3.242,0.92,1.83,2.88,2.709,0.485,2.565,1.125
3.241,0.919,1.829,2.878,2.709,0.483,2.566,1.125
3.24,0.919,1.829,2.881,2.708,0.483,2.565,1.125
3.24,0.919,1.827,2.877,2.708,0.483,2.563,1.125
3.242,0.919,1.827,2.876,2.708,0.482,2.563,1.125
3.237,0.918,1.826,2.876,2.708,0.482,2.562,1.124
3.239,0.917,1.826,2.876,2.706,0.482,2.561,1.124
3.239,0.917,1.825,2.875,2.706,0.482,2.561,1.124
3.237,0.917,1.825,2.874,2.705,0.482,2.561,1.124
3.237,0.916,1.825,2.872,2.705,0.481,2.56,1.124
3.236,0.916,1.823,2.871,2.704,0.481,2.559,1.124
3.236,0.914,1.823,2.872,2.705,0.481,2.559,1.123
3.235,0.914,1.823,2.871,2.704,0.481,2.559,1.124
3.235,0.914,1.821,2.87,2.703,0.48,2.556,1.123
3.234,0.914,1.82,2.87,2.704,0.48,2.557,1.123
3.234,0.913,1.82,2.869,2.703,0.479,2.555,1.122
3.234,0.912,1.819,2.869,2.703,0.48,2.555,1.122
3.232,0.912,1.819,2.869,2.703,0.479,2.555,1.123
3.231,0.912,1.818,2.866,2.7,0.479,2.554,1.123
3.232,0.911,1.818,2.867,2.701,0.479,2.554,1.122
3.23,0.911,1.816,2.865,2.7,0.477,2.552,1.123
3.231,0.911,1.816,2.865,2.7,0.477,2.551,1.122
3.23,0.911,1.815,2.864,2.699,0.476,2.55,1.122
3.23,0.909,1.815,2.865,2.7,0.476,2.551,1.122
3.229,0.909,1.814,2.863,2.698,0.476,2.55,1.122
3.229,0.908,1.814,2.863,2.699,0.476,2.549,1.121
3.229,0.908,1.813,2.863,2.699,0.476,2.549,1.121
3.228,0.907,1.812,2.861,2.698,0.475,2.546,1.121
3.228,0.907,1.812,2.861,2.699,0.475,2.548,1.121
3.226,0.908,1.81,2.859,2.697,0.475,2.546,1.121
3.228,0.906,1.81,2.86,2.698,0.475,2.546,1.121
3.225,0.906,1.809,2.858,2.695,0.474,2.546,1.121
3.226,0.906,1.812,2.859,2.697,0.474,2.545,1.121
3.225,0.905,1.809,2.859,2.697,0.474,2.544,1.119
3.224,0.906,1.808,2.856,2.694,0.472,2.544,1.121
3.225,0.905,1.808,2.856,2.695,0.472,2.544,1.119
3.224,0.903,1.807,2.855,2.694,0.471,2.542,1.119
3.224,0.903,1.807,2.856,2.695,0.471,2.542,1.119
3.224,0.902,1.807,2.855,2.695,0.471,2.542,1.119
3.223,0.902,1.805,2.855,2.694,0.471,2.54,1.118
3.221,0.901,1.804,2.853,2.693,0.471,2.542,1.121
3.22,0.901,1.803,2.852,2.693,0.47,2.542,1.119
3.22,0.901,1.803,2.853,2.693,0.47,2.539,1.119
3.22,0.9,1.803,2.853,2.693,0.47,2.539,1.118
3.221,0.9,1.802,2.852,2.692,0.47,2.538,1.118
3.218,0.9,1.801,2.85,2.692,0.47,2.538,1.118
3.218,0.9,1.801,2.849,2.692,0.47,2.537,1.118
3.219,0.898,1.802,2.849,2.69,0.469,2.535,1.118
3.217,0.898,1.799,2.849,2.693,0.469,2.535,1.118
3.217,0.897,1.799,2.852,2.692,0.469,2.534,1.117
3.218,0.897,1.799,2.849,2.69,0.469,2.534,1.117
3.221,0.897,1.798,2.848,2.69,0.468,2.534,1.117
3.217,0.896,1.798,2.848,2.689,0.468,2.532,1.117
3.215,0.896,1.796,2.845,2.688,0.468,2.533,1.118
3.215,0.895,1.797,2.845,2.689,0.468,2.532,1.117
3.214,0.895,1.796,2.844,2.688,0.468,2.532,1.118
3.215,0.895,1.796,2.845,2.688,0.466,2.529,1.116
3.213,0.895,1.794,2.844,2.692,0.466,2.529,1.117
3.214,0.894,1.794,2.844,2.687,0.466,2.528,1.116
3.213,0.894,1.794,2.847,2.687,0.466,2.528,1.116
3.213,0.892,1.793,2.842,2.687,0.465,2.527,1.116
3.21,0.892,1.792,2.841,2.686,0.466,2.531,1.116
3.212,0.891,1.792,2.841,2.684,0.465,2.526,1.116
3.21,0.891,1.792,2.841,2.686,0.465,2.527,1.116
3.21,0.891,1.791,2.839,2.686,0.465,2.526,1.116
3.21,0.89,1.791,2.839,2.686,0.465,2.524,1.116
3.21,0.89,1.791,2.838,2.684,0.464,2.523,1.115
3.209,0.89,1.79,2.838,2.684,0.464,2.524,1.116
3.209,0.889,1.79,2.838,2.684,0.464,2.523,1.115
3.209,0.889,1.788,2.836,2.682,0.463,2.521,1.115
3.208,0.889,1.788,2.837,2.683,0.463,2.522,1.115
3.207,0.887,1.786,2.834,2.682,0.463,2.522,1.116
3.206,0.887,1.786,2.834,2.686,0.463,2.521,1.115
3.207,0.886,1.786,2.834,2.682,0.463,2.521,1.115
3.206,0.886,1.786,2.834,2.684,0.461,2.52,1.113
3.206,0.886,1.786,2.833,2.681,0.461,2.518,1.113
3.204,0.885,1.783,2.832,2.679,0.461,2.518,1.115
3.206,0.885,1.785,2.833,2.681,0.461,2.517,1.113
3.206,0.884,1.783,2.832,2.679,0.46,2.516,1.113
3.204,0.884,1.783,2.831,2.679,0.46,2.515,1.112
3.203,0.884,1.782,2.828,2.678,0.46,2.516,1.115
3.207,0.884,1.782,2.83,2.679,0.46,2.515,1.113
3.203,0.883,1.781,2.828,2.678,0.459,2.513,1.112
3.201,0.881,1.78,2.827,2.677,0.459,2.516,1.112
3.202,0.881,1.781,2.828,2.678,0.459,2.513,1.112
3.202,0.881,1.78,2.828,2.678,0.459,2.512,1.112
3.202,0.88,1.78,2.827,2.677,0.459,2.511,1.112
3.201,0.88,1.779,2.826,2.676,0.458,2.51,1.111
3.198,0.88,1.777,2.825,2.677,0.459,2.51,1.112
3.199,0.879,1.777,2.826,2.677,0.458,2.51,1.112
3.199,0.879,1.777,2.825,2.677,0.458,2.51,1.111
3.197,0.879,1.776,2.823,2.676,0.458,2.509,1.111
3.198,0.878,1.776,2.822,2.675,0.458,2.507,1.112
3.197,0.878,1.775,2.822,2.676,0.458,2.509,1.111
3.198,0.876,1.775,2.822,2.675,0.458,2.506,1.11
3.197,0.876,1.777,2.822,2.675,0.458,2.506,1.111
3.197,0.875,1.775,2.822,2.675,0.458,2.505,1.11
3.197,0.875,1.774,2.821,2.673,0.457,2.505,1.11
3.196,0.875,1.772,2.82,2.673,0.457,2.505,1.111
3.196,0.875,1.772,2.82,2.672,0.457,2.502,1.11
3.196,0.875,1.775,2.819,2.672,0.457,2.504,1.11
3.193,0.874,1.771,2.817,2.671,0.457,2.504,1.111
3.195,0.874,1.772,2.819,2.672,0.457,2.502,1.11
3.193,0.873,1.77,2.817,2.672,0.457,2.502,1.11
3.198,0.873,1.77,2.817,2.671,0.455,2.501,1.11
3.193,0.872,1.77,2.817,2.672,0.455,2.501,1.11
3.192,0.873,1.769,2.815,2.67,0.455,2.5,1.11
3.192,0.872,1.769,2.815,2.671,0.455,2.499,1.11
3.193,0.872,1.768,2.815,2.67,0.455,2.499,1.108
3.192,0.87,1.768,2.814,2.67,0.454,2.496,1.108
3.191,0.87,1.766,2.812,2.668,0.454,2.496,1.108
3.191,0.869,1.766,2.814,2.67,0.454,2.496,1.108
3.19,0.869,1.766,2.815,2.668,0.454,2.495,1.108
3.188,0.869,1.765,2.811,2.667,0.453,2.496,1.11
3.19,0.868,1.765,2.811,2.667,0.453,2.493,1.107
3.19,0.868,1.764,2.81,2.667,0.453,2.493,1.107
3.188,0.868,1.764,2.81,2.668,0.452,2.494,1.107
3.188,0.867,1.764,2.811,2.668,0.452,2.493,1.107
3.188,0.867,1.764,2.81,2.667,0.452,2.491,1.107
3.187,0.867,1.763,2.809,2.666,0.452,2.49,1.107
3.188,0.865,1.761,2.809,2.666,0.45,2.491,1.107
3.187,0.865,1.761,2.808,2.665,0.45,2.489,1.106
3.187,0.864,1.761,2.809,2.666,0.45,2.49,1.107
3.188,0.864,1.76,2.806,2.666,0.45,2.489,1.107
3.186,0.864,1.76,2.808,2.666,0.449,2.489,1.106
3.186,0.863,1.76,2.805,2.664,0.449,2.487,1.106
3.185,0.863,1.76,2.806,2.665,0.449,2.488,1.106
3.185,0.863,1.759,2.805,2.665,0.449,2.487,1.106
3.182,0.862,1.758,2.804,2.666,0.449,2.487,1.106
3.184,0.862,1.758,2.804,2.665,0.448,2.487,1.106
3.184,0.862,1.758,2.804,2.664,0.448,2.485,1.106
3.184,0.861,1.758,2.804,2.664,0.448,2.484,1.105
3.181,0.861,1.755,2.802,2.662,0.448,2.484,1.105
3.181,0.861,1.755,2.803,2.666,0.447,2.483,1.105
3.182,0.861,1.755,2.802,2.661,0.447,2.482,1.105
3.182,0.859,1.755,2.802,2.662,0.447,2.482,1.105
3.181,0.859,1.754,2.8,2.662,0.447,2.482,1.105
3.18,0.859,1.754,2.8,2.662,0.447,2.482,1.105
3.179,0.859,1.753,2.799,2.662,0.447,2.48,1.105
3.18,0.858,1.753,2.8,2.661,0.447,2.48,1.105
3.179,0.857,1.752,2.798,2.661,0.446,2.479,1.105
3.179,0.858,1.752,2.797,2.659,0.446,2.478,1.105
3.179,0.857,1.752,2.798,2.661,0.446,2.479,1.105
3.177,0.857,1.75,2.797,2.661,0.446,2.478,1.104
3.179,0.856,1.752,2.797,2.66,0.446,2.477,1.104
3.176,0.856,1.75,2.798,2.662,0.446,2.477,1.104
3.177,0.856,1.75,2.797,2.659,0.446,2.477,1.104
3.177,0.854,1.749,2.795,2.657,0.444,2.474,1.104
3.176,0.854,1.749,2.795,2.659,0.444,2.476,1.104
3.176,0.853,1.749,2.795,2.659,0.444,2.474,1.102
3.176,0.853,1.748,2.794,2.659,0.444,2.474,1.102
3.176,0.853,1.748,2.793,2.656,0.443,2.472,1.102
3.174,0.853,1.747,2.794,2.66,0.443,2.473,1.102
3.174,0.852,1.747,2.795,2.656,0.443,2.472,1.102
3.174,0.852,1.746,2.793,2.657,0.443,2.471,1.102
3.174,0.852,1.746,2.792,2.656,0.443,2.472,1.102
3.174,0.852,1.746,2.791,2.655,0.443,2.469,1.101
3.174,0.852,1.744,2.789,2.654,0.442,2.469,1.102
3.174,0.851,1.747,2.791,2.655,0.442,2.469,1.102
3.171,0.851,1.744,2.791,2.655,0.442,2.468,1.101
3.174,0.85,1.744,2.791,2.655,0.442,2.468,1.101
3.173,0.85,1.744,2.789,2.654,0.442,2.467,1.101
3.17,0.85,1.743,2.789,2.655,0.442,2.467,1.101
3.171,0.848,1.743,2.791,2.654,0.441,2.467,1.101
3.171,0.848,1.742,2.787,2.653,0.441,2.465,1.101
3.17,0.848,1.742,2.788,2.655,0.441,2.466,1.101
3.17,0.847,1.741,2.786,2.653,0.441,2.467,1.1
3.17,0.848,1.741,2.786,2.651,0.441,2.465,1.101
3.169,0.847,1.74,2.784,2.653,0.441,2.466,1.1
3.17,0.847,1.74,2.784,2.651,0.439,2.462,1.1
3.169,0.846,1.741,2.787,2.653,0.439,2.462,1.1
3.168,0.846,1.738,2.784,2.653,0.439,2.462,1.1
3.167,0.846,1.738,2.783,2.651,0.439,2.461,1.1
3.167,0.845,1.737,2.783,2.651,0.439,2.461,1.1
3.169,0.845,1.741,2.783,2.651,0.438,2.461,1.1
3.168,0.845,1.737,2.783,2.65,0.438,2.458,1.099
3.168,0.844,1.737,2.783,2.651,0.438,2.46,1.099
3.168,0.844,1.737,2.782,2.65,0.438,2.458,1.099
3.167,0.844,1.736,2.781,2.649,0.437,2.457,1.099
3.168,0.844,1.737,2.781,2.65,0.437,2.458,1.099
3.167,0.842,1.736,2.782,2.65,0.437,2.457,1.099
3.167,0.842,1.735,2.78,2.649,0.437,2.456,1.099
3.167,0.842,1.736,2.781,2.65,0.438,2.457,1.1
3.164,0.842,1.735,2.78,2.651,0.437,2.456,1.1
3.165,0.841,1.735,2.78,2.649,0.437,2.455,1.099
3.165,0.841,1.736,2.778,2.649,0.437,2.455,1.099
3.164,0.842,1.733,2.777,2.646,0.436,2.454,1.099
3.164,0.84,1.733,2.777,2.648,0.436,2.454,1.099
3.164,0.84,1.732,2.778,2.648,0.436,2.454,1.099
3.163,0.841,1.732,2.776,2.646,0.436,2.452,1.099
3.163,0.839,1.732,2.777,2.648,0.436,2.452,1.097
3.162,0.839,1.731,2.775,2.645,0.436,2.452,1.099
3.162,0.839,1.731,2.776,2.646,0.436,2.451,1.097
3.162,0.837,1.731,2.776,2.646,0.436,2.45,1.097
3.162,0.837,1.73,2.775,2.645,0.436,2.449,1.097
3.16,0.837,1.73,2.773,2.644,0.436,2.449,1.097
3.159,0.837,1.73,2.777,2.645,0.436,2.449,1.097
3.16,0.836,1.73,2.773,2.645,0.436,2.449,1.097
3.162,0.836,1.729,2.772,2.645,0.436,2.449,1.097
3.164,0.836,1.727,2.772,2.644,0.435,2.448,1.097
3.159,0.835,1.727,2.772,2.645,0.435,2.448,1.097
3.158,0.835,1.727,2.771,2.644,0.435,2.446,1.097
3.158,0.835,1.726,2.771,2.644,0.435,2.446,1.097
3.158,0.834,1.726,2.771,2.644,0.435,2.446,1.096
3.158,0.834,1.726,2.771,2.644,0.433,2.445,1.096
3.158,0.834,1.725,2.77,2.643,0.433,2.443,1.096
3.158,0.834,1.725,2.77,2.644,0.433,2.444,1.096
3.157,0.833,1.725,2.77,2.643,0.433,2.444,1.096
3.157,0.833,1.725,2.77,2.643,0.433,2.443,1.096
3.157,0.833,1.726,2.769,2.643,0.432,2.443,1.096
3.157,0.833,1.724,2.767,2.642,0.432,2.44,1.096
3.154,0.831,1.722,2.769,2.644,0.432,2.441,1.096
3.159,0.831,1.722,2.767,2.643,0.432,2.441,1.096
3.156,0.831,1.722,2.767,2.643,0.432,2.44,1.096
3.156,0.83,1.722,2.767,2.643,0.432,2.44,1.096
3.156,0.83,1.722,2.767,2.643,0.432,2.439,1.095
3.156,0.83,1.724,2.766,2.642,0.431,2.439,1.095
3.153,0.83,1.721,2.766,2.642,0.431,2.438,1.095
3.154,0.83,1.72,2.765,2.64,0.431,2.437,1.095
3.154,0.829,1.721,2.766,2.642,0.431,2.438,1.095
3.153,0.829,1.72,2.766,2.64,0.431,2.437,1.095
3.154,0.828,1.72,2.765,2.64,0.43,2.435,1.095
3.152,0.828,1.719,2.764,2.642,0.431,2.435,1.095
3.154,0.828,1.72,2.764,2.64,0.43,2.434,1.094
3.152,0.828,1.719,2.765,2.643,0.43,2.434,1.095
3.153,0.826,1.719,2.764,2.64,0.43,2.434,1.095
3.153,0.826,1.719,2.764,2.64,0.43,2.433,1.094
3.152,0.826,1.718,2.762,2.64,0.43,2.433,1.095
3.151,0.826,1.718,2.764,2.64,0.43,2.432,1.095
3.153,0.825,1.718,2.762,2.639,0.43,2.43,1.094
3.152,0.825,1.716,2.761,2.639,0.43,2.432,1.094
3.152,0.825,1.716,2.761,2.639,0.428,2.429,1.093
3.151,0.825,1.716,2.761,2.639,0.43,2.43,1.094
3.152,0.824,1.715,2.761,2.639,0.428,2.43,1.094
3.149,0.824,1.714,2.76,2.639,0.43,2.429,1.094
3.151,0.824,1.715,2.76,2.638,0.428,2.428,1.094
3.151,0.823,1.715,2.76,2.638,0.428,2.427,1.093
3.149,0.823,1.714,2.76,2.638,0.428,2.428,1.094
3.151,0.823,1.714,2.759,2.637,0.428,2.427,1.093
3.151,0.822,1.714,2.759,2.638,0.427,2.426,1.093
3.148,0.822,1.713,2.758,2.637,0.427,2.427,1.093
3.149,0.822,1.713,2.759,2.638,0.427,2.426,1.093
3.148,0.822,1.711,2.756,2.637,0.427,2.427,1.093
3.151,0.822,1.713,2.758,2.637,0.427,2.424,1.093
3.149,0.82,1.711,2.758,2.637,0.426,2.423,1.093
3.148,0.82,1.711,2.761,2.637,0.426,2.424,1.093
3.152,0.82,1.711,2.756,2.637,0.426,2.423,1.093
3.148,0.819,1.71,2.756,2.637,0.426,2.423,1.093
3.148,0.819,1.71,2.756,2.637,0.426,2.422,1.091
3.146,0.819,1.709,2.755,2.637,0.426,2.422,1.093
3.148,0.818,1.71,2.755,2.635,0.426,2.421,1.091
3.147,0.819,1.709,2.755,2.634,0.426,2.419,1.091
3.147,0.818,1.709,2.755,2.637,0.426,2.421,1.093
3.149,0.818,1.709,2.754,2.635,0.426,2.421,1.091
3.147,0.818,1.709,2.754,2.635,0.426,2.419,1.091
3.145,0.818,1.708,2.754,2.639,0.425,2.418,1.091
3.146,0.817,1.708,2.754,2.635,0.426,2.419,1.091
3.146,0.817,1.707,2.753,2.634,0.425,2.417,1.091
3.146,0.817,1.708,2.754,2.635,0.425,2.418,1.091
3.146,0.815,1.707,2.754,2.635,0.425,2.417,1.091
3.146,0.815,1.707,2.754,2.635,0.425,2.417,1.091
3.145,0.815,1.707,2.753,2.634,0.425,2.416,1.091
3.143,0.815,1.705,2.751,2.634,0.425,2.416,1.091
3.146,0.814,1.705,2.751,2.634,0.424,2.413,1.09
3.146,0.814,1.705,2.753,2.635,0.424,2.415,1.09
3.145,0.814,1.705,2.75,2.633,0.424,2.413,1.09
3.145,0.814,1.705,2.75,2.633,0.422,2.413,1.09
3.145,0.813,1.705,2.751,2.634,0.422,2.412,1.09
3.145,0.813,1.704,2.751,2.634,0.422,2.413,1.09
3.145,0.813,1.704,2.751,2.634,0.422,2.411,1.09
3.145,0.813,1.704,2.75,2.634,0.422,2.411,1.09
3.147,0.813,1.703,2.75,2.634,0.422,2.412,1.09
3.142,0.812,1.703,2.749,2.633,0.421,2.412,1.09
3.143,0.812,1.703,2.75,2.634,0.421,2.411,1.09
3.145,0.812,1.703,2.75,2.634,0.421,2.41,1.09
3.143,0.811,1.703,2.749,2.633,0.421,2.408,1.09
3.143,0.811,1.702,2.748,2.633,0.42,2.408,1.09
3.142,0.811,1.702,2.751,2.633,0.42,2.408,1.09
3.142,0.811,1.702,2.748,2.632,0.42,2.407,1.09
3.142,0.811,1.702,2.749,2.633,0.42,2.408,1.09
3.141,0.809,1.7,2.747,2.633,0.42,2.407,1.09
3.142,0.809,1.7,2.749,2.634,0.42,2.407,1.09
3.142,0.809,1.7,2.748,2.633,0.42,2.406,1.089
3.142,0.809,1.702,2.747,2.633,0.419,2.406,1.09
3.14,0.808,1.699,2.747,2.634,0.419,2.405,1.09
3.141,0.808,1.699,2.749,2.635,0.419,2.405,1.09
3.14,0.808,1.699,2.749,2.632,0.419,2.405,1.089
3.142,0.807,1.699,2.747,2.633,0.419,2.404,1.089
3.141,0.807,1.699,2.747,2.633,0.419,2.404,1.09
3.14,0.807,1.698,2.745,2.632,0.419,2.404,1.089
3.141,0.807,1.698,2.745,2.632,0.419,2.401,1.089
3.141,0.806,1.698,2.745,2.632,0.417,2.401,1.089
3.141,0.807,1.698,2.745,2.632,0.417,2.402,1.089
3.14,0.806,1.697,2.745,2.633,0.417,2.401,1.089
3.138,0.806,1.697,2.744,2.633,0.417,2.4,1.089
3.138,0.806,1.696,2.743,2.631,0.417,2.402,1.089
3.138,0.806,1.697,2.748,2.632,0.417,2.4,1.089
3.14,0.804,1.698,2.744,2.632,0.417,2.4,1.089
3.137,0.804,1.696,2.743,2.632,0.417,2.399,1.089
3.137,0.804,1.694,2.743,2.632,0.417,2.399,1.089
3.137,0.803,1.694,2.742,2.632,0.417,2.397,1.089
3.137,0.803,1.694,2.744,2.633,0.417,2.397,1.088
3.138,0.803,1.694,2.743,2.632,0.417,2.397,1.088
3.138,0.803,1.694,2.743,2.631,0.417,2.396,1.088
3.138,0.802,1.694,2.742,2.632,0.417,2.396,1.088
3.138,0.802,1.694,2.742,2.631,0.417,2.396,1.088
3.136,0.802,1.693,2.742,2.633,0.417,2.395,1.088
3.136,0.802,1.693,2.74,2.632,0.417,2.395,1.088
3.136,0.802,1.692,2.739,2.629,0.416,2.397,1.088
3.137,0.802,1.692,2.739,2.629,0.416,2.393,1.088
3.137,0.801,1.693,2.74,2.629,0.416,2.393,1.086
3.136,0.801,1.692,2.739,2.628,0.416,2.393,1.088
3.136,0.801,1.693,2.739,2.629,0.416,2.393,1.088
3.137,0.8,1.692,2.74,2.629,0.416,2.391,1.086
3.135,0.8,1.691,2.739,2.632,0.416,2.391,1.088
3.136,0.8,1.691,2.739,2.629,0.416,2.391,1.088
3.136,0.8,1.691,2.739,2.629,0.415,2.391,1.086
3.136,0.798,1.691,2.738,2.628,0.415,2.389,1.086
3.135,0.8,1.689,2.737,2.627,0.415,2.389,1.088
3.135,0.798,1.689,2.738,2.629,0.415,2.389,1.086
3.135,0.798,1.689,2.74,2.628,0.415,2.389,1.086
3.135,0.797,1.689,2.738,2.629,0.415,2.388,1.086
3.132,0.797,1.688,2.737,2.629,0.415,2.388,1.086
3.135,0.797,1.688,2.737,2.628,0.414,2.386,1.085
3.135,0.797,1.689,2.737,2.628,0.414,2.388,1.086
3.134,0.797,1.688,2.737,2.628,0.414,2.386,1.086
3.134,0.797,1.687,2.736,2.627,0.414,2.385,1.086
3.134,0.796,1.688,2.737,2.628,0.414,2.385,1.085
3.135,0.796,1.689,2.736,2.627,0.414,2.385,1.086
3.132,0.795,1.686,2.734,2.626,0.413,2.385,1.086
3.131,0.795,1.687,2.737,2.631,0.414,2.384,1.086
3.134,0.795,1.687,2.736,2.627,0.413,2.383,1.085
3.132,0.795,1.686,2.733,2.626,0.413,2.383,1.085
3.132,0.795,1.687,2.734,2.627,0.413,2.383,1.085
3.132,0.793,1.686,2.733,2.626,0.413,2.382,1.085
3.132,0.793,1.687,2.733,2.626,0.413,2.383,1.085
3.132,0.793,1.686,2.734,2.627,0.413,2.382,1.085
3.131,0.793,1.685,2.733,2.627,0.413,2.382,1.085
3.13,0.793,1.683,2.732,2.627,0.413,2.38,1.085
3.13,0.792,1.683,2.732,2.625,0.411,2.38,1.086
3.13,0.792,1.683,2.731,2.625,0.411,2.38,1.086
3.13,0.792,1.682,2.731,2.625,0.411,2.383,1.085
3.131,0.791,1.683,2.732,2.625,0.411,2.378,1.084
3.131,0.791,1.683,2.732,2.626,0.411,2.378,1.084
3.129,0.791,1.682,2.731,2.627,0.411,2.378,1.084
3.129,0.791,1.682,2.729,2.625,0.411,2.38,1.084
3.13,0.791,1.685,2.731,2.625,0.411,2.377,1.084
3.132,0.791,1.682,2.731,2.625,0.41,2.377,1.085
3.13,0.79,1.682,2.731,2.625,0.41,2.375,1.084
3.129,0.79,1.681,2.731,2.625,0.41,2.377,1.084
3.13,0.79,1.681,2.731,2.625,0.41,2.375,1.084
3.129,0.79,1.681,2.728,2.623,0.409,2.374,1.084
3.129,0.789,1.681,2.729,2.623,0.409,2.373,1.084
3.129,0.789,1.681,2.729,2.625,0.409,2.374,1.084
3.129,0.789,1.68,2.728,2.623,0.409,2.373,1.084
3.129,0.789,1.68,2.729,2.625,0.409,2.373,1.084
3.127,0.789,1.68,2.729,2.625,0.409,2.373,1.084
3.129,0.789,1.678,2.728,2.623,0.409,2.373,1.084
3.127,0.787,1.678,2.727,2.622,0.408,2.372,1.084
3.127,0.787,1.678,2.728,2.623,0.408,2.371,1.083
3.127,0.787,1.677,2.727,2.622,0.408,2.371,1.084
3.127,0.786,1.678,2.728,2.623,0.408,2.371,1.083
3.126,0.786,1.677,2.727,2.627,0.408,2.369,1.083
3.126,0.786,1.677,2.727,2.623,0.408,2.371,1.083
3.125,0.786,1.676,2.726,2.622,0.408,2.372,1.083
3.126,0.786,1.677,2.726,2.622,0.408,2.368,1.083
3.126,0.786,1.676,2.726,2.623,0.408,2.369,1.083
3.125,0.785,1.677,2.728,2.622,0.408,2.368,1.083
3.125,0.785,1.676,2.727,2.623,0.406,2.368,1.083
3.125,0.785,1.676,2.727,2.623,0.406,2.367,1.083
3.125,0.785,1.676,2.728,2.622,0.406,2.367,1.083
3.125,0.785,1.676,2.728,2.622,0.406,2.366,1.083
3.125,0.784,1.675,2.723,2.621,0.406,2.365,1.083
3.125,0.784,1.675,2.725,2.622,0.406,2.366,1.083
3.124,0.785,1.674,2.723,2.621,0.406,2.365,1.083
3.123,0.784,1.674,2.725,2.623,0.406,2.365,1.083
3.125,0.782,1.674,2.725,2.622,0.406,2.365,1.083
3.124,0.784,1.674,2.722,2.62,0.406,2.363,1.083
3.124,0.782,1.674,2.722,2.62,0.406,2.363,1.083
3.123,0.782,1.674,2.725,2.621,0.406,2.363,1.082
3.125,0.782,1.674,2.722,2.621,0.406,2.363,1.083
3.123,0.781,1.672,2.725,2.621,0.406,2.362,1.082
3.123,0.782,1.672,2.721,2.62,0.405,2.361,1.083
3.124,0.781,1.672,2.722,2.621,0.405,2.362,1.082
3.123,0.78,1.672,2.722,2.621,0.405,2.361,1.082
3.123,0.78,1.672,2.722,2.621,0.405,2.361,1.082
3.123,0.78,1.671,2.722,2.621,0.405,2.361,1.082
3.125,0.78,1.672,2.721,2.62,0.405,2.36,1.082
3.121,0.78,1.67,2.72,2.62,0.405,2.361,1.083
3.124,0.779,1.671,2.721,2.62,0.405,2.36,1.082
3.123,0.779,1.671,2.721,2.621,0.404,2.358,1.082
3.121,0.779,1.67,2.72,2.62,0.404,2.357,1.082
3.121,0.779,1.67,2.72,2.62,0.404,2.357,1.082
3.12,0.779,1.67,2.721,2.622,0.404,2.357,1.082
3.123,0.778,1.67,2.72,2.618,0.403,2.356,1.08
3.121,0.778,1.669,2.719,2.618,0.403,2.356,1.082
3.121,0.778,1.669,2.72,2.62,0.403,2.356,1.082
3.12,0.778,1.67,2.722,2.62,0.403,2.356,1.082
3.121,0.778,1.669,2.719,2.618,0.403,2.355,1.082
3.12,0.776,1.667,2.719,2.62,0.403,2.357,1.08
3.121,0.776,1.669,2.719,2.62,0.402,2.355,1.082
3.121,0.776,1.669,2.72,2.62,0.402,2.354,1.08
3.121,0.775,1.669,2.72,2.62,0.402,2.354,1.08
3.121,0.775,1.667,2.719,2.618,0.402,2.352,1.08
3.121,0.776,1.667,2.717,2.618,0.402,2.352,1.08
3.119,0.775,1.666,2.717,2.62,0.402,2.352,1.08
3.12,0.775,1.666,2.717,2.62,0.402,2.352,1.08
3.121,0.774,1.667,2.717,2.618,0.402,2.351,1.08
3.12,0.774,1.666,2.717,2.618,0.4,2.35,1.08
3.12,0.774,1.666,2.716,2.617,0.4,2.35,1.08
3.12,0.774,1.666,2.717,2.618,0.4,2.351,1.08
3.118,0.774,1.665,2.717,2.622,0.4,2.35,1.08
3.12,0.774,1.666,2.717,2.618,0.4,2.35,1.08
3.119,0.773,1.665,2.716,2.618,0.4,2.35,1.08
3.118,0.773,1.664,2.715,2.617,0.4,2.351,1.08
3.12,0.773,1.665,2.716,2.618,0.399,2.347,1.079
3.118,0.773,1.664,2.717,2.621,0.399,2.349,1.08
3.119,0.771,1.665,2.716,2.618,0.399,2.347,1.079
3.116,0.773,1.664,2.715,2.618,0.399,2.347,1.079
3.123,0.771,1.664,2.715,2.617,0.399,2.347,1.08
3.118,0.771,1.664,2.715,2.617,0.399,2.347,1.079
3.119,0.771,1.664,2.715,2.616,0.399,2.345,1.079
3.118,0.771,1.664,2.714,2.617,0.399,2.346,1.079
3.118,0.771,1.664,2.714,2.617,0.399,2.345,1.079
3.116,0.77,1.663,2.715,2.618,0.399,2.345,1.079
3.116,0.77,1.661,2.712,2.616,0.399,2.344,1.079
3.118,0.769,1.663,2.714,2.616,0.398,2.343,1.079
3.116,0.77,1.661,2.712,2.617,0.398,2.344,1.079
3.116,0.769,1.663,2.714,2.616,0.398,2.344,1.079
3.115,0.769,1.661,2.712,2.617,0.398,2.343,1.079
3.116,0.769,1.661,2.712,2.617,0.398,2.343,1.079
3.116,0.769,1.661,2.712,2.616,0.398,2.341,1.078
3.116,0.769,1.661,2.712,2.616,0.398,2.341,1.079
3.115,0.768,1.66,2.712,2.616,0.398,2.341,1.079
3.116,0.768,1.66,2.711,2.615,0.397,2.34,1.078
3.115,0.768,1.66,2.714,2.615,0.397,2.34,1.079
3.115,0.768,1.66,2.711,2.616,0.398,2.34,1.078
3.116,0.767,1.66,2.711,2.615,0.397,2.339,1.078
3.115,0.767,1.659,2.71,2.615,0.397,2.338,1.078
3.114,0.767,1.658,2.71,2.615,0.397,2.34,1.078
3.115,0.767,1.659,2.711,2.616,0.397,2.338,1.078
3.115,0.767,1.659,2.71,2.615,0.397,2.336,1.078
3.114,0.767,1.658,2.71,2.615,0.397,2.338,1.078
3.115,0.765,1.659,2.71,2.615,0.397,2.336,1.078
3.114,0.765,1.658,2.71,2.615,0.397,2.336,1.078
3.114,0.765,1.658,2.71,2.615,0.397,2.336,1.078
3.114,0.765,1.658,2.71,2.615,0.397,2.336,1.078
3.113,0.765,1.656,2.708,2.614,0.396,2.335,1.078
3.115,0.765,1.659,2.709,2.614,0.396,2.335,1.078
3.113,0.764,1.656,2.708,2.614,0.396,2.335,1.079
3.114,0.764,1.656,2.709,2.614,0.396,2.334,1.077
3.113,0.764,1.656,2.709,2.615,0.396,2.335,1.078
3.113,0.764,1.658,2.708,2.614,0.396,2.334,1.078
3.113,0.764,1.655,2.708,2.612,0.396,2.333,1.077
3.113,0.763,1.655,2.708,2.614,0.396,2.333,1.077
3.112,0.763,1.654,2.706,2.614,0.396,2.333,1.077
3.112,0.763,1.655,2.708,2.614,0.396,2.333,1.078
3.113,0.763,1.655,2.708,2.614,0.394,2.332,1.077
3.113,0.763,1.655,2.706,2.612,0.394,2.33,1.077
3.113,0.762,1.654,2.706,2.612,0.394,2.33,1.077
3.112,0.762,1.654,2.706,2.612,0.394,2.33,1.077
3.112,0.762,1.654,2.706,2.614,0.394,2.33,1.077
3.112,0.762,1.654,2.705,2.612,0.394,2.329,1.077
3.112,0.762,1.653,2.705,2.611,0.394,2.329,1.077
3.113,0.762,1.654,2.705,2.612,0.394,2.329,1.077
3.112,0.76,1.653,2.705,2.612,0.394,2.328,1.077
3.109,0.76,1.653,2.705,2.614,0.394,2.328,1.077
3.112,0.76,1.653,2.705,2.612,0.393,2.328,1.077
3.112,0.76,1.653,2.705,2.612,0.393,2.327,1.075
3.11,0.76,1.653,2.705,2.612,0.393,2.328,1.077
3.109,0.759,1.652,2.703,2.611,0.393,2.328,1.078
3.109,0.759,1.652,2.703,2.611,0.393,2.327,1.077
3.109,0.76,1.652,2.703,2.61,0.393,2.325,1.077
3.108,0.759,1.65,2.703,2.612,0.393,2.325,1.077
3.108,0.759,1.65,2.703,2.611,0.393,2.328,1.077
3.11,0.758,1.652,2.704,2.611,0.393,2.324,1.075
3.109,0.759,1.65,2.703,2.611,0.393,2.325,1.077
3.109,0.758,1.65,2.703,2.611,0.393,2.325,1.077
3.109,0.758,1.65,2.703,2.611,0.393,2.323,1.075
3.109,0.758,1.65,2.703,2.611,0.393,2.324,1.075
3.109,0.758,1.65,2.703,2.611,0.393,2.324,1.075
3.109,0.757,1.65,2.703,2.611,0.393,2.323,1.075
3.109,0.757,1.65,2.703,2.611,0.393,2.322,1.075
3.107,0.757,1.649,2.703,2.614,0.393,2.322,1.075
3.107,0.757,1.648,2.701,2.612,0.393,2.322,1.075
3.109,0.757,1.649,2.701,2.611,0.393,2.322,1.075
3.107,0.757,1.648,2.7,2.609,0.393,2.322,1.077
3.108,0.757,1.648,2.7,2.609,0.392,2.321,1.075
3.107,0.756,1.648,2.699,2.61,0.393,2.322,1.075
3.107,0.756,1.647,2.699,2.609,0.392,2.322,1.075
3.108,0.756,1.648,2.7,2.609,0.392,2.319,1.075
3.108,0.756,1.648,2.7,2.609,0.392,2.318,1.075
3.105,0.756,1.647,2.699,2.61,0.392,2.319,1.075
3.107,0.754,1.648,2.7,2.61,0.392,2.319,1.075
3.108,0.754,1.649,2.699,2.61,0.392,2.318,1.075
3.108,0.754,1.649,2.699,2.61,0.392,2.318,1.075
3.107,0.754,1.647,2.699,2.61,0.392,2.318,1.075
3.109,0.754,1.647,2.699,2.61,0.392,2.318,1.075
3.105,0.754,1.646,2.698,2.609,0.392,2.317,1.075
3.105,0.754,1.646,2.698,2.607,0.392,2.317,1.075
3.107,0.753,1.647,2.699,2.609,0.391,2.316,1.074
3.105,0.754,1.646,2.698,2.607,0.391,2.316,1.074
3.107,0.753,1.646,2.698,2.609,0.391,2.314,1.074
3.108,0.753,1.646,2.698,2.609,0.391,2.316,1.075
3.105,0.752,1.646,2.698,2.609,0.391,2.314,1.074
3.108,0.753,1.646,2.698,2.609,0.391,2.314,1.075
3.105,0.752,1.646,2.698,2.609,0.389,2.313,1.074
3.105,0.752,1.646,2.698,2.609,0.389,2.313,1.074
3.104,0.752,1.644,2.7,2.609,0.389,2.313,1.074
3.105,0.752,1.644,2.697,2.607,0.389,2.312,1.074
3.105,0.751,1.644,2.698,2.609,0.389,2.313,1.074
3.104,0.752,1.646,2.699,2.607,0.389,2.313,1.074
3.104,0.751,1.643,2.697,2.609,0.389,2.313,1.074
3.104,0.751,1.643,2.695,2.607,0.389,2.311,1.074
3.103,0.751,1.643,2.695,2.61,0.389,2.312,1.074
3.103,0.751,1.643,2.695,2.607,0.389,2.312,1.074
3.103,0.751,1.642,2.695,2.607,0.388,2.314,1.074
3.104,0.75,1.643,2.695,2.607,0.388,2.31,1.073
3.104,0.75,1.643,2.695,2.607,0.388,2.311,1.074
3.104,0.75,1.643,2.695,2.606,0.388,2.31,1.073
3.102,0.75,1.643,2.697,2.607,0.388,2.31,1.074
3.103,0.75,1.643,2.699,2.607,0.388,2.31,1.074
3.103,0.75,1.643,2.694,2.607,0.388,2.31,1.074
3.105,0.75,1.642,2.694,2.607,0.388,2.308,1.074
3.103,0.748,1.642,2.694,2.607,0.388,2.307,1.073
3.103,0.748,1.641,2.693,2.606,0.388,2.307,1.074
3.105,0.748,1.641,2.694,2.607,0.388,2.308,1.074
3.102,0.748,1.642,2.694,2.606,0.388,2.307,1.073
3.102,0.748,1.641,2.694,2.606,0.388,2.307,1.073
3.103,0.747,1.641,2.694,2.607,0.387,2.307,1.073
3.103,0.747,1.641,2.693,2.606,0.387,2.306,1.073
3.102,0.747,1.639,2.692,2.605,0.387,2.305,1.073
3.102,0.747,1.641,2.693,2.606,0.387,2.306,1.073
3.102,0.747,1.641,2.693,2.606,0.387,2.306,1.073
3.102,0.747,1.639,2.693,2.606,0.387,2.306,1.073
3.099,0.746,1.638,2.69,2.605,0.387,2.307,1.073
3.102,0.746,1.639,2.692,2.605,0.387,2.303,1.073
3.099,0.746,1.638,2.69,2.605,0.387,2.306,1.073
3.101,0.746,1.639,2.692,2.606,0.387,2.303,1.073
3.102,0.745,1.639,2.692,2.606,0.387,2.303,1.073
3.099,0.745,1.638,2.69,2.605,0.387,2.305,1.073
3.099,0.745,1.638,2.689,2.604,0.387,2.302,1.074
3.099,0.746,1.638,2.689,2.604,0.387,2.301,1.073
3.099,0.745,1.638,2.694,2.605,0.387,2.302,1.073
3.101,0.745,1.638,2.69,2.604,0.387,2.3,1.072
3.099,0.745,1.638,2.69,2.605,0.387,2.301,1.073
3.098,0.743,1.637,2.689,2.604,0.387,2.302,1.072
3.099,0.743,1.638,2.69,2.605,0.387,2.301,1.072
3.098,0.743,1.637,2.689,2.605,0.387,2.3,1.072
3.098,0.743,1.637,2.692,2.604,0.387,2.3,1.072
3.098,0.743,1.636,2.688,2.603,0.387,2.3,1.073
3.101,0.743,1.639,2.688,2.604,0.387,2.299,1.072
3.098,0.743,1.636,2.688,2.603,0.387,2.299,1.072
3.097,0.742,1.636,2.688,2.604,0.387,2.301,1.072
3.099,0.742,1.638,2.688,2.604,0.387,2.299,1.072
3.098,0.742,1.636,2.688,2.604,0.387,2.299,1.072
3.101,0.742,1.636,2.688,2.604,0.387,2.297,1.072
3.098,0.742,1.636,2.687,2.603,0.386,2.296,1.072
3.098,0.741,1.636,2.688,2.604,0.386,2.296,1.072
3.097,0.741,1.636,2.688,2.604,0.386,2.296,1.072
3.096,0.741,1.635,2.687,2.604,0.387,2.296,1.072
3.097,0.741,1.636,2.687,2.603,0.386,2.296,1.072
3.098,0.741,1.636,2.687,2.603,0.386,2.295,1.072
3.098,0.74,1.635,2.687,2.603,0.386,2.294,1.071
3.098,0.741,1.635,2.687,2.603,0.386,2.295,1.072
3.097,0.741,1.636,2.687,2.603,0.386,2.294,1.072
3.097,0.74,1.635,2.687,2.604,0.386,2.294,1.072
3.097,0.74,1.635,2.687,2.603,0.386,2.294,1.071
3.097,0.74,1.633,2.687,2.603,0.385,2.294,1.072
3.096,0.74,1.633,2.686,2.603,0.385,2.294,1.072
3.096,0.739,1.633,2.686,2.605,0.385,2.292,1.072
3.097,0.739,1.633,2.686,2.603,0.385,2.292,1.071
3.097,0.74,1.633,2.684,2.601,0.385,2.291,1.071
3.097,0.739,1.633,2.686,2.603,0.385,2.291,1.071
3.094,0.739,1.632,2.684,2.601,0.385,2.294,1.071
3.096,0.739,1.633,2.686,2.603,0.385,2.291,1.071
3.096,0.739,1.632,2.686,2.603,0.385,2.291,1.071
3.096,0.737,1.633,2.686,2.603,0.385,2.29,1.071
3.096,0.739,1.632,2.683,2.6,0.383,2.29,1.072
3.096,0.739,1.632,2.683,2.6,0.383,2.289,1.072
3.094,0.737,1.631,2.683,2.601,0.383,2.29,1.071
3.097,0.737,1.632,2.683,2.601,0.383,2.289,1.071
3.096,0.737,1.632,2.683,2.601,0.383,2.288,1.071
3.094,0.737,1.631,2.683,2.6,0.383,2.288,1.071
3.094,0.736,1.631,2.683,2.603,0.383,2.289,1.071
3.096,0.736,1.631,2.684,2.603,0.383,2.288,1.071
3.096,0.736,1.632,2.683,2.601,0.383,2.288,1.071
3.094,0.736,1.631,2.683,2.601,0.383,2.288,1.071
3.094,0.736,1.63,2.682,2.6,0.383,2.286,1.071
3.094,0.736,1.631,2.683,2.601,0.383,2.286,1.071
3.096,0.736,1.632,2.682,2.601,0.382,2.286,1.071
3.093,0.736,1.63,2.682,2.6,0.382,2.285,1.071
3.094,0.735,1.631,2.682,2.601,0.382,2.284,1.069
3.092,0.735,1.63,2.682,2.603,0.382,2.285,1.071
3.093,0.735,1.63,2.683,2.601,0.382,2.285,1.071
3.094,0.735,1.63,2.682,2.601,0.382,2.284,1.071
3.093,0.735,1.63,2.682,2.601,0.382,2.285,1.071
3.094,0.734,1.63,2.681,2.6,0.381,2.283,1.069
3.094,0.734,1.63,2.682,2.601,0.382,2.283,1.071
3.093,0.735,1.628,2.681,2.6,0.381,2.283,1.071
3.092,0.734,1.628,2.682,2.604,0.381,2.283,1.071
3.093,0.734,1.628,2.682,2.601,0.381,2.283,1.071
3.093,0.734,1.631,2.681,2.6,0.381,2.283,1.071
3.092,0.734,1.627,2.681,2.6,0.381,2.281,1.069
3.097,0.734,1.628,2.681,2.6,0.381,2.281,1.071
3.093,0.732,1.628,2.681,2.601,0.381,2.281,1.071
3.092,0.732,1.627,2.681,2.601,0.381,2.28,1.069
3.092,0.732,1.628,2.681,2.6,0.381,2.281,1.071
3.093,0.732,1.63,2.679,2.6,0.381,2.28,1.071
3.092,0.732,1.627,2.681,2.6,0.381,2.28,1.071
3.093,0.732,1.627,2.679,2.6,0.38,2.279,1.069
3.092,0.732,1.628,2.679,2.6,0.381,2.279,1.069
3.092,0.731,1.627,2.679,2.599,0.38,2.278,1.069
3.092,0.731,1.627,2.679,2.6,0.38,2.279,1.069
3.092,0.732,1.627,2.679,2.6,0.382,2.28,1.071
3.092,0.732,1.627,2.678,2.599,0.381,2.278,1.069
3.092,0.731,1.627,2.679,2.6,0.381,2.279,1.071
3.092,0.731,1.626,2.678,2.599,0.381,2.278,1.071
3.094,0.731,1.627,2.678,2.6,0.381,2.278,1.071
3.092,0.73,1.627,2.678,2.599,0.38,2.277,1.069
3.092,0.73,1.627,2.678,2.599,0.38,2.275,1.069
3.092,0.73,1.626,2.678,2.599,0.38,2.275,1.069
3.091,0.73,1.626,2.678,2.6,0.38,2.277,1.069
3.092,0.73,1.626,2.677,2.599,0.38,2.274,1.069
3.091,0.73,1.626,2.678,2.6,0.38,2.275,1.069
3.09,0.73,1.625,2.676,2.598,0.38,2.275,1.071
3.091,0.73,1.626,2.677,2.599,0.38,2.275,1.069
3.092,0.73,1.625,2.677,2.599,0.38,2.275,1.069
3.091,0.729,1.625,2.677,2.599,0.38,2.273,1.068
3.09,0.729,1.625,2.677,2.599,0.38,2.274,1.069
3.091,0.729,1.625,2.677,2.598,0.38,2.273,1.068
3.091,0.729,1.625,2.676,2.598,0.38,2.272,1.068
3.09,0.729,1.625,2.676,2.598,0.38,2.272,1.069
3.091,0.729,1.625,2.677,2.599,0.38,2.273,1.069
3.091,0.728,1.625,2.677,2.599,0.38,2.272,1.068
3.09,0.728,1.625,2.677,2.598,0.38,2.272,1.069
3.088,0.728,1.624,2.675,2.598,0.378,2.275,1.068
3.088,0.728,1.624,2.675,2.598,0.378,2.272,1.069
3.091,0.728,1.624,2.676,2.598,0.378,2.271,1.068
3.09,0.728,1.624,2.676,2.598,0.378,2.272,1.069
3.088,0.728,1.622,2.676,2.599,0.38,2.271,1.069
3.09,0.728,1.624,2.676,2.599,0.378,2.271,1.069
3.092,0.728,1.624,2.676,2.598,0.378,2.271,1.069
3.09,0.726,1.624,2.676,2.599,0.378,2.269,1.068
3.09,0.726,1.624,2.676,2.599,0.378,2.269,1.068
3.09,0.726,1.624,2.675,2.598,0.378,2.268,1.068
3.088,0.726,1.624,2.675,2.598,0.378,2.268,1.068
3.09,0.726,1.622,2.676,2.599,0.378,2.268,1.068
3.09,0.725,1.622,2.676,2.598,0.378,2.268,1.068
3.088,0.725,1.622,2.676,2.599,0.377,2.268,1.068
3.088,0.725,1.622,2.676,2.599,0.377,2.268,1.068
3.087,0.725,1.621,2.673,2.598,0.377,2.271,1.069
3.092,0.725,1.622,2.675,2.599,0.377,2.267,1.069
3.088,0.725,1.622,2.673,2.598,0.377,2.266,1.068
3.088,0.725,1.621,2.673,2.598,0.377,2.267,1.071
3.09,0.725,1.622,2.676,2.6,0.377,2.267,1.069
3.09,0.724,1.622,2.676,2.6,0.377,2.266,1.069
3.088,0.724,1.621,2.673,2.598,0.377,2.266,1.071
3.09,0.724,1.622,2.675,2.599,0.377,2.264,1.069
3.088,0.724,1.622,2.677,2.6,0.377,2.266,1.069
3.09,0.724,1.622,2.676,2.6,0.377,2.264,1.069
3.09,0.724,1.622,2.676,2.6,0.377,2.264,1.069
3.09,0.724,1.622,2.676,2.601,0.377,2.264,1.069
3.091,0.723,1.622,2.676,2.601,0.377,2.263,1.069
3.091,0.723,1.622,2.676,2.601,0.377,2.263,1.069
3.092,0.724,1.622,2.676,2.601,0.377,2.263,1.071
3.088,0.723,1.621,2.676,2.601,0.377,2.262,1.069
3.09,0.723,1.621,2.675,2.6,0.377,2.264,1.071
3.09,0.723,1.622,2.676,2.601,0.377,2.266,1.071
3.091,0.723,1.624,2.679,2.601,0.377,2.262,1.071
3.091,0.723,1.622,2.679,2.601,0.377,2.262,1.071
3.092,0.721,1.622,2.677,2.603,0.377,2.261,1.071
3.092,0.723,1.622,2.676,2.601,0.376,2.26,1.071
3.092,0.721,1.624,2.677,2.603,0.376,2.261,1.071
3.092,0.721,1.624,2.678,2.604,0.376,2.261,1.071
3.092,0.721,1.622,2.677,2.604,0.376,2.261,1.071
3.092,0.721,1.622,2.678,2.604,0.376,2.261,1.071
3.093,0.721,1.624,2.678,2.604,0.376,2.26,1.071
3.093,0.721,1.625,2.678,2.604,0.376,2.26,1.071
3.092,0.721,1.624,2.682,2.604,0.376,2.26,1.072
3.092,0.72,1.624,2.681,2.604,0.376,2.258,1.071
3.092,0.72,1.622,2.678,2.606,0.376,2.258,1.071
3.092,0.72,1.622,2.677,2.605,0.376,2.26,1.071
3.093,0.72,1.624,2.678,2.604,0.376,2.257,1.071
3.094,0.72,1.624,2.678,2.605,0.376,2.257,1.071
3.093,0.72,1.624,2.679,2.605,0.376,2.257,1.072
3.096,0.72,1.625,2.678,2.605,0.376,2.257,1.072
3.093,0.719,1.622,2.678,2.605,0.375,2.258,1.073
3.093,0.719,1.622,2.678,2.606,0.376,2.26,1.072
3.094,0.719,1.624,2.679,2.606,0.375,2.257,1.072
3.093,0.719,1.622,2.678,2.606,0.375,2.258,1.072
3.093,0.719,1.622,2.679,2.607,0.375,2.256,1.072
3.096,0.719,1.624,2.679,2.606,0.375,2.255,1.072
3.096,0.719,1.624,2.681,2.607,0.375,2.256,1.072
3.094,0.719,1.624,2.681,2.61,0.375,2.255,1.072
3.096,0.719,1.624,2.681,2.607,0.375,2.255,1.072
3.097,0.718,1.624,2.681,2.607,0.374,2.253,1.072
3.096,0.719,1.624,2.681,2.609,0.375,2.255,1.072
3.097,0.718,1.624,2.681,2.609,0.374,2.253,1.072
3.097,0.718,1.626,2.681,2.609,0.374,2.253,1.072
3.096,0.718,1.624,2.684,2.609,0.374,2.253,1.072
3.097,0.718,1.624,2.682,2.609,0.374,2.253,1.072
3.097,0.718,1.624,2.682,2.61,0.374,2.252,1.072
3.098,0.718,1.624,2.681,2.609,0.374,2.251,1.072
3.096,0.718,1.622,2.681,2.609,0.375,2.255,1.072
3.096,0.718,1.622,2.681,2.61,0.375,2.251,1.072
3.097,0.717,1.624,2.682,2.61,0.374,2.252,1.072
3.098,0.717,1.624,2.682,2.609,0.374,2.25,1.072
3.098,0.717,1.625,2.682,2.61,0.374,2.251,1.073
3.098,0.717,1.624,2.682,2.61,0.374,2.251,1.073
3.098,0.717,1.624,2.682,2.61,0.374,2.25,1.072
3.098,0.717,1.624,2.682,2.61,0.374,2.249,1.072
3.098,0.717,1.624,2.682,2.61,0.374,2.25,1.073
3.098,0.717,1.624,2.682,2.611,0.374,2.25,1.073
3.098,0.717,1.624,2.682,2.609,0.374,2.249,1.072
3.098,0.715,1.624,2.682,2.611,0.374,2.249,1.072
3.098,0.715,1.624,2.682,2.61,0.374,2.249,1.073
3.098,0.715,1.624,2.682,2.61,0.374,2.247,1.072
3.099,0.715,1.624,2.682,2.611,0.374,2.247,1.072
3.098,0.715,1.624,2.686,2.61,0.374,2.247,1.073
3.098,0.715,1.622,2.682,2.611,0.372,2.247,1.073
3.101,0.715,1.625,2.682,2.611,0.372,2.247,1.073
3.098,0.715,1.624,2.683,2.611,0.372,2.247,1.073
3.098,0.714,1.622,2.681,2.61,0.374,2.249,1.073
3.098,0.714,1.622,2.682,2.611,0.372,2.246,1.073
3.098,0.714,1.622,2.682,2.614,0.372,2.246,1.073
3.099,0.714,1.622,2.682,2.61,0.372,2.245,1.072
3.098,0.714,1.621,2.682,2.611,0.372,2.245,1.073
3.099,0.714,1.622,2.683,2.611,0.372,2.245,1.072
3.098,0.714,1.622,2.683,2.615,0.372,2.245,1.073
3.098,0.714,1.621,2.682,2.611,0.372,2.245,1.073
3.099,0.714,1.622,2.682,2.612,0.372,2.245,1.073
3.099,0.713,1.622,2.682,2.611,0.372,2.242,1.072
3.099,0.713,1.622,2.682,2.611,0.371,2.242,1.072
3.099,0.713,1.622,2.682,2.611,0.371,2.242,1.072
3.099,0.713,1.622,2.683,2.612,0.371,2.242,1.073
3.099,0.713,1.622,2.683,2.612,0.371,2.242,1.073
3.099,0.713,1.621,2.682,2.611,0.371,2.241,1.073
3.099,0.713,1.621,2.682,2.611,0.371,2.241,1.072
3.099,0.713,1.621,2.683,2.612,0.371,2.242,1.073
3.098,0.713,1.62,2.681,2.611,0.371,2.241,1.074
3.103,0.713,1.621,2.682,2.612,0.371,2.241,1.073
3.099,0.712,1.621,2.682,2.612,0.371,2.24,1.072
3.099,0.713,1.62,2.682,2.611,0.371,2.24,1.072
3.099,0.712,1.621,2.682,2.612,0.371,2.241,1.073
3.099,0.712,1.621,2.682,2.612,0.371,2.239,1.072
3.099,0.712,1.621,2.682,2.612,0.371,2.24,1.073
3.099,0.712,1.621,2.683,2.614,0.371,2.24,1.073
3.101,0.712,1.62,2.682,2.612,0.371,2.24,1.073
3.099,0.712,1.62,2.682,2.611,0.37,2.238,1.072
3.102,0.712,1.62,2.682,2.612,0.37,2.239,1.073
3.098,0.71,1.619,2.682,2.614,0.37,2.239,1.072
3.103,0.71,1.62,2.682,2.612,0.371,2.239,1.073
3.099,0.712,1.619,2.681,2.611,0.37,2.238,1.073
3.099,0.71,1.62,2.682,2.612,0.37,2.236,1.072
3.098,0.71,1.619,2.681,2.611,0.37,2.239,1.073
3.098,0.71,1.621,2.682,2.612,0.37,2.238,1.073
3.099,0.71,1.619,2.681,2.611,0.37,2.236,1.072
3.099,0.71,1.619,2.682,2.614,0.37,2.238,1.073
3.099,0.709,1.619,2.682,2.612,0.37,2.235,1.072
3.099,0.71,1.619,2.681,2.612,0.37,2.235,1.072
3.098,0.709,1.619,2.682,2.615,0.37,2.236,1.073
3.098,0.709,1.619,2.684,2.614,0.37,2.235,1.073
3.098,0.709,1.619,2.681,2.612,0.369,2.236,1.074
3.099,0.709,1.619,2.682,2.614,0.37,2.234,1.072
3.098,0.709,1.617,2.681,2.614,0.37,2.235,1.073
3.099,0.709,1.619,2.682,2.614,0.369,2.234,1.072
3.099,0.709,1.619,2.682,2.614,0.369,2.234,1.072
3.101,0.71,1.62,2.682,2.614,0.371,2.234,1.073
3.101,0.71,1.619,2.682,2.614,0.371,2.235,1.074
3.098,0.709,1.619,2.681,2.614,0.371,2.234,1.074
3.098,0.709,1.619,2.682,2.614,0.37,2.234,1.073
3.099,0.709,1.619,2.682,2.615,0.37,2.234,1.073
3.101,0.709,1.617,2.681,2.614,0.37,2.234,1.073
3.099,0.709,1.617,2.682,2.615,0.37,2.233,1.073
3.099,0.709,1.617,2.681,2.614,0.37,2.233,1.073
3.099,0.708,1.617,2.681,2.614,0.37,2.231,1.073
3.098,0.708,1.617,2.683,2.614,0.37,2.231,1.073
3.099,0.708,1.617,2.682,2.615,0.37,2.231,1.073
3.099,0.708,1.619,2.681,2.614,0.37,2.231,1.073
3.099,0.708,1.617,2.682,2.615,0.37,2.231,1.073
3.099,0.708,1.617,2.681,2.614,0.37,2.23,1.072
3.098,0.708,1.617,2.682,2.614,0.37,2.23,1.073
3.099,0.708,1.617,2.681,2.614,0.37,2.229,1.072
3.098,0.708,1.616,2.679,2.614,0.37,2.229,1.073
3.099,0.707,1.617,2.681,2.615,0.37,2.23,1.073
3.099,0.707,1.616,2.681,2.615,0.37,2.229,1.073
3.099,0.707,1.616,2.681,2.615,0.37,2.229,1.073
3.099,0.707,1.616,2.681,2.615,0.37,2.228,1.073
3.099,0.707,1.616,2.681,2.614,0.369,2.228,1.072
3.097,0.707,1.615,2.679,2.614,0.369,2.231,1.073
3.097,0.707,1.615,2.681,2.617,0.369,2.228,1.073
3.098,0.707,1.615,2.681,2.615,0.369,2.228,1.073
3.099,0.706,1.616,2.681,2.615,0.369,2.228,1.073
3.098,0.707,1.615,2.681,2.615,0.369,2.228,1.073
3.098,0.707,1.615,2.679,2.614,0.369,2.227,1.073
3.099,0.706,1.615,2.681,2.615,0.369,2.227,1.072
3.097,0.706,1.614,2.678,2.614,0.369,2.228,1.073
3.099,0.706,1.617,2.679,2.615,0.369,2.227,1.073
3.098,0.706,1.615,2.679,2.614,0.369,2.225,1.072
3.098,0.706,1.616,2.679,2.615,0.369,2.227,1.073
3.099,0.706,1.615,2.681,2.615,0.369,2.225,1.072
3.097,0.706,1.614,2.679,2.617,0.369,2.225,1.073
3.098,0.706,1.614,2.679,2.614,0.367,2.224,1.072
3.097,0.706,1.614,2.679,2.617,0.367,2.224,1.073
3.098,0.704,1.614,2.679,2.615,0.367,2.224,1.072
3.098,0.704,1.614,2.679,2.615,0.367,2.224,1.072
3.098,0.706,1.616,2.679,2.615,0.367,2.224,1.073
3.098,0.704,1.614,2.679,2.615,0.367,2.224,1.073
3.097,0.704,1.614,2.683,2.614,0.367,2.223,1.073
3.098,0.704,1.614,2.679,2.615,0.367,2.224,1.073
3.098,0.704,1.614,2.679,2.615,0.367,2.223,1.073
3.097,0.704,1.613,2.678,2.614,0.366,2.225,1.072
3.097,0.704,1.613,2.678,2.615,0.366,2.223,1.073
3.098,0.704,1.613,2.679,2.615,0.366,2.222,1.072
3.097,0.704,1.613,2.678,2.614,0.366,2.222,1.073
3.098,0.703,1.613,2.679,2.615,0.366,2.222,1.072
3.098,0.703,1.613,2.678,2.614,0.366,2.22,1.072
3.096,0.703,1.613,2.681,2.614,0.366,2.222,1.072
3.098,0.703,1.613,2.678,2.615,0.366,2.22,1.072
3.096,0.703,1.611,2.677,2.614,0.366,2.223,1.072
3.096,0.703,1.611,2.678,2.616,0.366,2.22,1.072
3.101,0.703,1.611,2.678,2.614,0.366,2.22,1.072
3.096,0.703,1.611,2.682,2.614,0.366,2.22,1.072
3.097,0.703,1.611,2.677,2.614,0.366,2.219,1.072
3.096,0.703,1.61,2.677,2.614,0.366,2.222,1.072
3.097,0.703,1.611,2.678,2.614,0.366,2.219,1.072
3.097,0.703,1.611,2.677,2.614,0.366,2.219,1.072
3.097,0.702,1.611,2.678,2.614,0.366,2.219,1.072
3.097,0.703,1.61,2.677,2.612,0.366,2.218,1.072
3.096,0.702,1.611,2.681,2.614,0.366,2.218,1.072
3.097,0.702,1.61,2.677,2.614,0.366,2.217,1.072
3.097,0.702,1.61,2.678,2.614,0.366,2.218,1.072
3.096,0.702,1.61,2.681,2.614,0.366,2.217,1.072
3.097,0.702,1.61,2.676,2.612,0.366,2.217,1.072
3.096,0.702,1.61,2.677,2.614,0.366,2.218,1.072
3.096,0.702,1.609,2.676,2.612,0.366,2.217,1.073
3.094,0.701,1.609,2.676,2.614,0.366,2.217,1.072
3.094,0.701,1.609,2.676,2.612,0.365,2.217,1.072
3.096,0.701,1.609,2.676,2.612,0.365,2.214,1.072
3.096,0.701,1.609,2.676,2.612,0.365,2.214,1.072
3.094,0.701,1.609,2.676,2.614,0.365,2.216,1.072
3.094,0.701,1.609,2.678,2.612,0.365,2.216,1.072
3.093,0.701,1.608,2.676,2.614,0.365,2.214,1.072
3.096,0.701,1.609,2.676,2.614,0.365,2.214,1.072
3.096,0.701,1.609,2.675,2.611,0.365,2.213,1.072
3.096,0.701,1.609,2.679,2.612,0.365,2.214,1.072
3.094,0.701,1.608,2.676,2.612,0.365,2.214,1.072
3.096,0.699,1.608,2.676,2.612,0.365,2.213,1.072
3.094,0.699,1.608,2.675,2.611,0.364,2.212,1.072
3.093,0.699,1.608,2.676,2.614,0.365,2.213,1.072
3.093,0.699,1.608,2.673,2.611,0.364,2.213,1.073
3.094,0.699,1.608,2.676,2.612,0.364,2.213,1.072
3.096,0.699,1.608,2.675,2.611,0.364,2.212,1.071
3.096,0.699,1.608,2.675,2.612,0.364,2.211,1.071
3.094,0.699,1.608,2.675,2.612,0.364,2.212,1.072
3.094,0.699,1.606,2.675,2.611,0.364,2.211,1.072
3.096,0.699,1.609,2.675,2.612,0.364,2.212,1.072
3.094,0.699,1.606,2.673,2.611,0.364,2.211,1.072
3.094,0.698,1.606,2.675,2.612,0.364,2.211,1.072
3.094,0.698,1.606,2.673,2.611,0.364,2.209,1.071
3.093,0.698,1.608,2.675,2.611,0.364,2.211,1.072
3.096,0.698,1.606,2.673,2.612,0.364,2.209,1.072
3.092,0.698,1.605,2.673,2.612,0.364,2.209,1.072
3.093,0.698,1.606,2.675,2.611,0.364,2.209,1.072
3.094,0.697,1.606,2.673,2.611,0.364,2.208,1.071
3.093,0.698,1.605,2.673,2.612,0.364,2.209,1.072
3.092,0.697,1.605,2.672,2.611,0.364,2.211,1.072
3.092,0.697,1.605,2.672,2.611,0.364,2.209,1.072
3.093,0.697,1.605,2.673,2.612,0.364,2.208,1.072
3.093,0.697,1.605,2.673,2.612,0.364,2.208,1.072
3.092,0.697,1.605,2.673,2.612,0.364,2.207,1.072
3.092,0.697,1.605,2.676,2.611,0.364,2.207,1.072
3.093,0.697,1.605,2.673,2.612,0.364,2.207,1.072
3.093,0.698,1.604,2.672,2.61,0.364,2.207,1.072
3.092,0.697,1.604,2.673,2.615,0.364,2.207,1.072
3.092,0.697,1.605,2.676,2.611,0.364,2.207,1.072
3.093,0.697,1.604,2.672,2.611,0.364,2.207,1.072
3.093,0.696,1.604,2.672,2.611,0.364,2.205,1.071
3.093,0.696,1.606,2.672,2.611,0.364,2.206,1.072
3.092,0.696,1.604,2.671,2.61,0.364,2.206,1.072
3.093,0.696,1.604,2.671,2.61,0.363,2.205,1.072
3.092,0.696,1.604,2.672,2.612,0.364,2.206,1.072
3.093,0.696,1.604,2.672,2.611,0.363,2.203,1.071
3.093,0.696,1.604,2.672,2.611,0.364,2.203,1.071
3.093,0.696,1.604,2.672,2.612,0.364,2.205,1.072
3.092,0.696,1.604,2.673,2.611,0.364,2.205,1.072
3.093,0.695,1.604,2.672,2.611,0.364,2.203,1.072
3.092,0.695,1.603,2.671,2.612,0.364,2.206,1.072
3.092,0.695,1.603,2.671,2.611,0.364,2.205,1.073
3.093,0.696,1.604,2.672,2.611,0.364,2.202,1.072
3.092,0.695,1.603,2.672,2.614,0.364,2.203,1.072
3.093,0.695,1.604,2.673,2.614,0.364,2.203,1.072
3.093,0.695,1.604,2.673,2.614,0.364,2.203,1.072
3.093,0.695,1.604,2.672,2.614,0.364,2.203,1.073
3.094,0.693,1.604,2.672,2.614,0.364,2.201,1.072
3.094,0.695,1.604,2.672,2.614,0.364,2.202,1.073
3.094,0.693,1.604,2.673,2.614,0.363,2.201,1.072
3.094,0.693,1.604,2.673,2.614,0.363,2.201,1.072
3.093,0.693,1.604,2.673,2.614,0.363,2.202,1.073
3.096,0.693,1.604,2.673,2.614,0.363,2.2,1.073
3.093,0.693,1.604,2.672,2.614,0.363,2.201,1.074
3.097,0.693,1.604,2.673,2.615,0.363,2.201,1.074
3.094,0.693,1.604,2.673,2.615,0.363,2.201,1.074
3.096,0.693,1.605,2.675,2.616,0.363,2.2,1.073
3.096,0.693,1.605,2.673,2.615,0.363,2.198,1.073
3.094,0.693,1.604,2.676,2.616,0.363,2.2,1.074
3.096,0.693,1.605,2.675,2.617,0.363,2.2,1.074
3.096,0.692,1.605,2.675,2.617,0.363,2.2,1.074
3.097,0.692,1.605,2.676,2.617,0.363,2.198,1.074
3.097,0.692,1.605,2.676,2.617,0.363,2.198,1.074
3.096,0.692,1.604,2.675,2.617,0.363,2.201,1.074
3.098,0.692,1.605,2.676,2.617,0.363,2.198,1.074
3.097,0.692,1.605,2.675,2.617,0.361,2.2,1.075
3.097,0.692,1.605,2.676,2.618,0.363,2.198,1.075
3.098,0.691,1.606,2.677,2.618,0.363,2.197,1.074
3.098,0.692,1.605,2.677,2.618,0.363,2.197,1.075
3.098,0.692,1.605,2.676,2.617,0.361,2.197,1.075
3.098,0.691,1.606,2.677,2.62,0.363,2.197,1.075
3.099,0.691,1.606,2.677,2.62,0.363,2.196,1.075
3.099,0.691,1.608,2.677,2.62,0.363,2.197,1.075
3.099,0.691,1.606,2.678,2.62,0.363,2.196,1.075
3.098,0.691,1.605,2.677,2.621,0.363,2.196,1.075
3.099,0.691,1.605,2.677,2.618,0.361,2.195,1.077
3.101,0.69,1.606,2.678,2.62,0.361,2.195,1.075
3.102,0.691,1.606,2.678,2.621,0.361,2.195,1.077
3.099,0.691,1.606,2.678,2.623,0.361,2.195,1.077
3.101,0.69,1.606,2.679,2.622,0.361,2.195,1.075
3.099,0.69,1.606,2.677,2.62,0.361,2.196,1.077
3.101,0.69,1.606,2.679,2.622,0.361,2.195,1.077
3.101,0.691,1.606,2.678,2.621,0.361,2.194,1.077
3.102,0.69,1.608,2.679,2.622,0.361,2.194,1.075
3.102,0.69,1.608,2.679,2.622,0.361,2.192,1.075
3.102,0.69,1.608,2.681,2.623,0.361,2.194,1.077
3.102,0.69,1.606,2.679,2.622,0.361,2.192,1.077
3.103,0.69,1.608,2.681,2.623,0.361,2.192,1.077
3.102,0.69,1.608,2.683,2.623,0.361,2.192,1.077
3.103,0.69,1.606,2.679,2.622,0.361,2.191,1.077
3.103,0.688,1.608,2.681,2.623,0.361,2.191,1.077
3.103,0.688,1.608,2.681,2.623,0.361,2.191,1.077
3.104,0.688,1.608,2.682,2.623,0.361,2.191,1.077
3.103,0.688,1.608,2.682,2.625,0.361,2.191,1.077
3.102,0.688,1.606,2.681,2.625,0.361,2.191,1.077
3.104,0.688,1.608,2.682,2.625,0.36,2.19,1.077
3.104,0.688,1.608,2.682,2.625,0.36,2.191,1.078
3.103,0.688,1.608,2.681,2.623,0.36,2.19,1.078
3.105,0.688,1.608,2.682,2.625,0.36,2.19,1.077
3.105,0.688,1.608,2.683,2.626,0.36,2.19,1.078
3.105,0.688,1.61,2.682,2.626,0.36,2.19,1.078
3.105,0.688,1.608,2.682,2.626,0.36,2.19,1.078
3.103,0.687,1.608,2.682,2.626,0.36,2.189,1.078
3.105,0.687,1.608,2.683,2.626,0.36,2.189,1.078
3.104,0.687,1.608,2.682,2.626,0.359,2.192,1.078
3.107,0.687,1.608,2.683,2.626,0.359,2.187,1.078
3.105,0.688,1.608,2.682,2.626,0.359,2.187,1.078
3.105,0.687,1.608,2.683,2.627,0.359,2.189,1.078
3.107,0.687,1.608,2.683,2.627,0.359,2.187,1.078
3.105,0.687,1.608,2.683,2.627,0.359,2.189,1.078
3.107,0.687,1.608,2.684,2.627,0.359,2.186,1.078
3.105,0.687,1.608,2.683,2.627,0.359,2.187,1.078
3.105,0.687,1.608,2.682,2.627,0.359,2.186,1.078
3.105,0.687,1.608,2.686,2.628,0.359,2.186,1.079
3.105,0.687,1.608,2.683,2.629,0.359,2.186,1.079
3.107,0.687,1.608,2.683,2.627,0.359,2.186,1.078
3.107,0.687,1.608,2.687,2.628,0.359,2.186,1.079
3.107,0.686,1.608,2.683,2.627,0.359,2.185,1.078
3.107,0.687,1.608,2.683,2.627,0.358,2.186,1.079
3.105,0.686,1.608,2.683,2.629,0.359,2.185,1.078
3.107,0.686,1.608,2.684,2.628,0.358,2.186,1.079
3.108,0.686,1.608,2.684,2.629,0.358,2.185,1.079
3.108,0.686,1.608,2.684,2.628,0.358,2.184,1.078
3.109,0.686,1.608,2.684,2.628,0.359,2.185,1.079
3.108,0.686,1.608,2.684,2.629,0.358,2.185,1.079
3.108,0.686,1.608,2.684,2.628,0.358,2.184,1.078
3.107,0.686,1.606,2.684,2.629,0.359,2.184,1.079
3.107,0.686,1.606,2.683,2.628,0.359,2.184,1.079
3.108,0.685,1.608,2.684,2.629,0.358,2.184,1.079
3.108,0.685,1.608,2.686,2.629,0.358,2.184,1.079
3.108,0.685,1.608,2.686,2.629,0.358,2.184,1.079
3.108,0.685,1.608,2.686,2.629,0.358,2.184,1.079
3.108,0.685,1.608,2.686,2.629,0.358,2.183,1.079
3.109,0.685,1.608,2.686,2.629,0.358,2.181,1.079
3.108,0.685,1.608,2.686,2.629,0.358,2.183,1.079
3.107,0.685,1.606,2.683,2.628,0.358,2.184,1.079
3.108,0.686,1.606,2.684,2.628,0.358,2.181,1.079
3.11,0.685,1.608,2.684,2.629,0.358,2.183,1.079
3.108,0.685,1.608,2.684,2.628,0.358,2.18,1.079
3.109,0.685,1.609,2.684,2.629,0.358,2.181,1.079
3.109,0.685,1.608,2.686,2.631,0.358,2.181,1.079
3.107,0.685,1.606,2.684,2.629,0.358,2.18,1.079
3.109,0.684,1.608,2.686,2.629,0.358,2.18,1.079
3.107,0.684,1.606,2.686,2.632,0.358,2.18,1.079
3.109,0.685,1.606,2.684,2.629,0.358,2.179,1.079
3.108,0.684,1.606,2.686,2.631,0.358,2.18,1.079
3.107,0.684,1.606,2.684,2.631,0.358,2.18,1.079
3.109,0.684,1.606,2.684,2.629,0.356,2.179,1.079
3.109,0.684,1.606,2.686,2.631,0.356,2.18,1.079
3.109,0.684,1.606,2.686,2.631,0.358,2.179,1.079
3.108,0.684,1.606,2.686,2.631,0.356,2.179,1.079
3.109,0.684,1.606,2.686,2.631,0.356,2.178,1.079
3.109,0.684,1.606,2.686,2.632,0.356,2.179,1.079
3.108,0.684,1.605,2.684,2.629,0.356,2.179,1.08
3.109,0.684,1.608,2.686,2.631,0.356,2.178,1.08
3.109,0.684,1.606,2.687,2.631,0.356,2.178,1.08
3.109,0.682,1.606,2.686,2.632,0.356,2.178,1.079
3.11,0.684,1.606,2.686,2.632,0.356,2.178,1.08
3.108,0.684,1.606,2.688,2.632,0.356,2.178,1.08
3.109,0.682,1.606,2.686,2.632,0.356,2.178,1.08
3.109,0.682,1.606,2.686,2.633,0.356,2.178,1.08
3.11,0.682,1.606,2.686,2.632,0.356,2.175,1.08
3.108,0.682,1.606,2.688,2.633,0.356,2.177,1.08
3.11,0.682,1.606,2.687,2.632,0.356,2.175,1.08
3.11,0.682,1.606,2.687,2.633,0.356,2.175,1.08
3.11,0.682,1.606,2.687,2.633,0.356,2.177,1.08
3.11,0.682,1.606,2.687,2.634,0.356,2.177,1.08
3.11,0.682,1.605,2.686,2.633,0.356,2.175,1.082
3.112,0.682,1.608,2.687,2.634,0.356,2.175,1.082
3.114,0.682,1.606,2.687,2.634,0.356,2.175,1.082
3.112,0.682,1.606,2.688,2.635,0.356,2.175,1.082
3.112,0.681,1.606,2.688,2.634,0.356,2.174,1.08
3.11,0.682,1.605,2.687,2.634,0.356,2.175,1.083
3.113,0.681,1.606,2.689,2.635,0.356,2.174,1.082
3.112,0.681,1.606,2.688,2.635,0.356,2.174,1.082
3.113,0.681,1.606,2.689,2.637,0.356,2.174,1.082
3.112,0.681,1.606,2.69,2.635,0.356,2.173,1.082
3.112,0.681,1.606,2.688,2.637,0.356,2.173,1.082
3.114,0.681,1.609,2.689,2.637,0.355,2.173,1.082
3.113,0.681,1.608,2.689,2.637,0.356,2.173,1.083
3.113,0.681,1.606,2.689,2.637,0.355,2.173,1.083
3.114,0.681,1.608,2.69,2.638,0.355,2.173,1.082
3.113,0.681,1.606,2.69,2.639,0.355,2.173,1.083
3.115,0.681,1.608,2.69,2.638,0.355,2.172,1.083
3.113,0.681,1.606,2.69,2.638,0.355,2.172,1.083
3.115,0.681,1.608,2.692,2.639,0.355,2.173,1.083
3.115,0.681,1.608,2.69,2.638,0.355,2.17,1.083
3.114,0.681,1.608,2.695,2.639,0.355,2.172,1.083
3.115,0.681,1.608,2.69,2.638,0.355,2.17,1.083
3.115,0.681,1.608,2.692,2.64,0.355,2.172,1.083
3.116,0.681,1.608,2.692,2.639,0.355,2.17,1.083
3.116,0.68,1.609,2.693,2.64,0.355,2.17,1.083
3.115,0.681,1.608,2.693,2.642,0.355,2.17,1.084
3.116,0.68,1.608,2.692,2.64,0.355,2.169,1.084
3.118,0.681,1.608,2.693,2.639,0.355,2.169,1.084
3.116,0.68,1.608,2.692,2.64,0.355,2.17,1.085
3.118,0.68,1.609,2.694,2.642,0.355,2.169,1.084
3.116,0.68,1.608,2.693,2.642,0.355,2.172,1.084
3.118,0.68,1.609,2.693,2.64,0.355,2.168,1.084
3.118,0.68,1.609,2.695,2.643,0.355,2.169,1.084
3.119,0.68,1.609,2.695,2.643,0.355,2.169,1.084
3.118,0.68,1.609,2.695,2.643,0.355,2.169,1.084
3.118,0.68,1.609,2.693,2.642,0.355,2.169,1.085
3.119,0.68,1.609,2.695,2.643,0.355,2.169,1.084
3.118,0.68,1.608,2.694,2.643,0.355,2.168,1.084
3.12,0.68,1.609,2.695,2.643,0.355,2.167,1.084
3.12,0.68,1.609,2.697,2.644,0.355,2.168,1.084
3.12,0.68,1.609,2.695,2.643,0.354,2.167,1.084
3.119,0.68,1.609,2.698,2.644,0.354,2.167,1.085
3.12,0.68,1.609,2.694,2.643,0.354,2.167,1.085
3.121,0.68,1.609,2.695,2.644,0.354,2.167,1.085
3.12,0.679,1.61,2.697,2.645,0.354,2.167,1.085
3.121,0.679,1.609,2.697,2.644,0.354,2.166,1.084
3.121,0.679,1.609,2.697,2.644,0.354,2.166,1.084
3.12,0.679,1.609,2.698,2.645,0.354,2.166,1.085
3.121,0.679,1.609,2.698,2.645,0.354,2.166,1.085
3.121,0.679,1.61,2.698,2.645,0.354,2.166,1.085
3.124,0.679,1.609,2.697,2.645,0.354,2.166,1.085
3.123,0.679,1.61,2.698,2.645,0.353,2.164,1.085
3.121,0.679,1.609,2.698,2.646,0.353,2.166,1.085
3.12,0.679,1.609,2.7,2.645,0.353,2.164,1.085
3.123,0.679,1.61,2.698,2.646,0.353,2.164,1.085
3.12,0.679,1.609,2.698,2.648,0.353,2.164,1.085
3.123,0.679,1.609,2.698,2.646,0.353,2.164,1.085
3.121,0.679,1.609,2.697,2.645,0.353,2.164,1.086
3.121,0.68,1.609,2.697,2.645,0.353,2.164,1.086
3.123,0.679,1.609,2.699,2.648,0.353,2.164,1.085
3.123,0.679,1.609,2.699,2.648,0.353,2.163,1.085
3.123,0.679,1.609,2.698,2.646,0.353,2.163,1.085
3.123,0.679,1.609,2.699,2.648,0.353,2.163,1.086
3.123,0.679,1.609,2.699,2.648,0.353,2.163,1.085
3.124,0.679,1.609,2.699,2.648,0.353,2.163,1.086
3.123,0.679,1.609,2.7,2.648,0.353,2.162,1.086
3.123,0.679,1.609,2.699,2.649,0.353,2.163,1.086
3.123,0.677,1.609,2.698,2.648,0.353,2.164,1.085
3.124,0.679,1.609,2.699,2.648,0.353,2.162,1.085
3.124,0.679,1.609,2.7,2.649,0.353,2.162,1.086
3.124,0.679,1.609,2.699,2.648,0.353,2.161,1.086
3.125,0.677,1.609,2.7,2.649,0.353,2.162,1.086
3.125,0.677,1.609,2.7,2.649,0.353,2.161,1.085
3.124,0.677,1.609,2.7,2.649,0.353,2.162,1.086
3.123,0.677,1.609,2.7,2.651,0.353,2.161,1.086
3.125,0.677,1.609,2.7,2.649,0.353,2.159,1.086
3.125,0.677,1.609,2.701,2.65,0.353,2.161,1.086
3.125,0.677,1.611,2.7,2.65,0.352,2.161,1.086
3.126,0.677,1.609,2.701,2.65,0.352,2.159,1.086
3.125,0.677,1.611,2.701,2.65,0.353,2.161,1.086
3.125,0.677,1.609,2.701,2.653,0.352,2.159,1.086
3.125,0.677,1.609,2.701,2.651,0.353,2.159,1.086
3.126,0.677,1.609,2.701,2.651,0.352,2.159,1.086
3.125,0.679,1.609,2.7,2.65,0.352,2.158,1.088
3.127,0.677,1.61,2.701,2.651,0.352,2.159,1.086
3.126,0.677,1.609,2.701,2.65,0.352,2.158,1.086
3.126,0.677,1.609,2.701,2.65,0.352,2.158,1.086
3.127,0.677,1.609,2.703,2.651,0.352,2.158,1.086
3.126,0.677,1.609,2.703,2.653,0.352,2.158,1.088
3.126,0.677,1.609,2.703,2.653,0.352,2.158,1.088
3.127,0.677,1.609,2.703,2.653,0.352,2.157,1.086
3.126,0.677,1.609,2.705,2.653,0.352,2.157,1.088
3.127,0.677,1.609,2.704,2.653,0.352,2.157,1.088
3.127,0.677,1.609,2.703,2.651,0.352,2.156,1.088
3.127,0.677,1.609,2.703,2.653,0.352,2.157,1.088
3.129,0.676,1.609,2.704,2.654,0.352,2.156,1.088
3.126,0.677,1.608,2.703,2.653,0.352,2.157,1.088
3.129,0.676,1.609,2.704,2.654,0.352,2.156,1.088
3.126,0.677,1.608,2.703,2.654,0.352,2.157,1.088
3.129,0.676,1.609,2.704,2.654,0.35,2.155,1.088
3.127,0.677,1.609,2.704,2.654,0.35,2.156,1.088
3.129,0.676,1.609,2.705,2.654,0.35,2.156,1.088
3.127,0.676,1.608,2.703,2.654,0.352,2.158,1.088
3.129,0.676,1.609,2.704,2.654,0.35,2.155,1.088
3.129,0.677,1.609,2.704,2.654,0.35,2.153,1.088
3.13,0.676,1.609,2.705,2.655,0.35,2.155,1.088
3.13,0.676,1.609,2.705,2.655,0.35,2.155,1.088
3.13,0.676,1.609,2.705,2.655,0.35,2.155,1.088
3.129,0.676,1.609,2.705,2.655,0.35,2.155,1.088
3.132,0.676,1.608,2.705,2.655,0.35,2.155,1.088
3.129,0.676,1.608,2.705,2.655,0.35,2.155,1.088
3.127,0.676,1.608,2.705,2.655,0.35,2.153,1.088
3.132,0.676,1.608,2.705,2.655,0.35,2.153,1.088
3.13,0.676,1.608,2.705,2.656,0.35,2.153,1.088
3.13,0.676,1.608,2.705,2.655,0.349,2.152,1.088
3.13,0.676,1.609,2.706,2.655,0.349,2.152,1.088
3.13,0.676,1.608,2.706,2.656,0.349,2.153,1.088
3.131,0.676,1.608,2.705,2.655,0.349,2.152,1.088
3.13,0.676,1.608,2.705,2.656,0.349,2.152,1.088
3.129,0.676,1.606,2.705,2.656,0.35,2.152,1.088
3.131,0.676,1.61,2.705,2.656,0.349,2.152,1.088
3.129,0.676,1.606,2.706,2.657,0.349,2.151,1.088
3.129,0.676,1.606,2.705,2.656,0.35,2.151,1.088
3.13,0.676,1.606,2.705,2.655,0.349,2.151,1.089
3.13,0.676,1.608,2.706,2.656,0.349,2.151,1.088
3.132,0.676,1.608,2.706,2.656,0.349,2.151,1.088
3.13,0.676,1.608,2.706,2.656,0.349,2.151,1.088
3.131,0.676,1.609,2.706,2.656,0.349,2.151,1.088
3.13,0.676,1.606,2.705,2.655,0.349,2.15,1.088
3.131,0.676,1.608,2.706,2.656,0.349,2.15,1.088
3.134,0.676,1.606,2.706,2.656,0.349,2.15,1.088
3.129,0.676,1.606,2.706,2.659,0.349,2.15,1.088
3.13,0.675,1.606,2.706,2.657,0.349,2.15,1.088
3.129,0.676,1.606,2.705,2.656,0.349,2.15,1.088
3.13,0.675,1.606,2.706,2.657,0.349,2.15,1.088
3.129,0.675,1.605,2.705,2.656,0.348,2.15,1.089
3.13,0.676,1.605,2.705,2.655,0.348,2.148,1.088
3.13,0.675,1.606,2.706,2.657,0.348,2.148,1.088
3.131,0.676,1.605,2.706,2.656,0.348,2.148,1.088
3.13,0.676,1.605,2.706,2.656,0.348,2.148,1.088
3.129,0.675,1.605,2.705,2.657,0.349,2.147,1.088
3.131,0.675,1.606,2.706,2.656,0.348,2.147,1.088
3.129,0.675,1.605,2.705,2.655,0.348,2.148,1.089
3.132,0.675,1.605,2.706,2.656,0.348,2.147,1.088
3.129,0.675,1.605,2.708,2.656,0.348,2.147,1.088
3.131,0.675,1.605,2.706,2.656,0.348,2.146,1.086
3.13,0.675,1.605,2.705,2.655,0.348,2.146,1.086
3.13,0.675,1.604,2.706,2.656,0.348,2.146,1.088
3.134,0.675,1.604,2.706,2.656,0.348,2.146,1.088
3.132,0.675,1.604,2.705,2.656,0.348,2.146,1.088
3.129,0.675,1.604,2.706,2.656,0.348,2.146,1.088
3.129,0.675,1.604,2.705,2.655,0.347,2.146,1.088
3.13,0.675,1.604,2.706,2.656,0.348,2.145,1.086
3.13,0.675,1.604,2.706,2.656,0.347,2.145,1.086
3.13,0.675,1.604,2.705,2.655,0.347,2.144,1.086
3.129,0.675,1.603,2.705,2.656,0.347,2.146,1.086
3.127,0.675,1.603,2.704,2.656,0.347,2.146,1.086
3.13,0.675,1.604,2.706,2.655,0.347,2.144,1.086
3.131,0.675,1.603,2.705,2.655,0.347,2.145,1.086
3.127,0.675,1.603,2.705,2.656,0.347,2.144,1.086
3.127,0.675,1.603,2.708,2.655,0.347,2.144,1.086
3.129,0.675,1.603,2.704,2.654,0.347,2.142,1.086
3.127,0.675,1.602,2.705,2.656,0.347,2.142,1.086
3.129,0.675,1.603,2.705,2.655,0.347,2.142,1.086
3.129,0.674,1.603,2.705,2.655,0.347,2.142,1.086
3.129,0.675,1.603,2.705,2.655,0.347,2.142,1.086
3.127,0.675,1.602,2.704,2.654,0.347,2.144,1.088
3.129,0.674,1.602,2.705,2.655,0.347,2.141,1.086
3.129,0.675,1.604,2.704,2.654,0.347,2.142,1.086
3.127,0.675,1.602,2.708,2.654,0.347,2.141,1.086
3.129,0.674,1.602,2.705,2.655,0.347,2.141,1.086
3.129,0.674,1.6,2.704,2.654,0.347,2.14,1.085
3.129,0.675,1.6,2.704,2.654,0.347,2.141,1.086
3.127,0.674,1.602,2.705,2.654,0.347,2.141,1.086
3.126,0.674,1.6,2.705,2.655,0.347,2.14,1.086
3.127,0.675,1.6,2.704,2.654,0.347,2.14,1.086
3.126,0.674,1.599,2.703,2.654,0.347,2.14,1.085
3.126,0.674,1.6,2.706,2.654,0.345,2.14,1.086
3.126,0.674,1.599,2.704,2.655,0.345,2.14,1.085
3.126,0.674,1.599,2.704,2.654,0.345,2.14,1.085
3.126,0.674,1.599,2.703,2.654,0.345,2.14,1.086
3.125,0.674,1.598,2.703,2.653,0.345,2.141,1.085
3.125,0.674,1.598,2.701,2.653,0.345,2.14,1.085
3.127,0.674,1.599,2.704,2.654,0.345,2.139,1.085
3.126,0.674,1.599,2.703,2.653,0.345,2.137,1.085
3.127,0.674,1.599,2.703,2.653,0.345,2.137,1.085
3.125,0.674,1.598,2.701,2.653,0.345,2.137,1.085
3.126,0.674,1.598,2.703,2.653,0.345,2.137,1.085
3.126,0.674,1.598,2.703,2.653,0.345,2.137,1.085
3.124,0.674,1.597,2.701,2.651,0.345,2.139,1.085
3.124,0.674,1.597,2.701,2.653,0.345,2.136,1.085
3.126,0.674,1.598,2.703,2.653,0.345,2.136,1.084
3.126,0.674,1.598,2.703,2.653,0.345,2.136,1.084
3.125,0.674,1.598,2.703,2.653,0.345,2.136,1.085
3.125,0.674,1.597,2.703,2.653,0.345,2.136,1.085
3.126,0.674,1.597,2.701,2.651,0.345,2.135,1.084
3.125,0.674,1.597,2.7,2.65,0.344,2.135,1.084
3.124,0.674,1.595,2.7,2.65,0.344,2.135,1.085
3.125,0.674,1.597,2.701,2.651,0.345,2.135,1.085
3.125,0.674,1.595,2.701,2.651,0.345,2.135,1.085
3.123,0.674,1.595,2.7,2.653,0.345,2.135,1.084
3.125,0.674,1.597,2.7,2.651,0.344,2.135,1.085
3.123,0.674,1.594,2.7,2.65,0.344,2.135,1.085
3.125,0.674,1.595,2.7,2.65,0.344,2.134,1.084
3.125,0.674,1.597,2.7,2.65,0.344,2.134,1.084
3.123,0.674,1.594,2.701,2.654,0.344,2.134,1.084
3.124,0.674,1.594,2.7,2.65,0.344,2.134,1.084
3.123,0.674,1.594,2.7,2.653,0.344,2.134,1.084
3.123,0.674,1.594,2.699,2.649,0.344,2.134,1.085
3.125,0.673,1.594,2.7,2.651,0.344,2.133,1.084
3.123,0.674,1.594,2.703,2.65,0.344,2.133,1.084
3.123,0.673,1.593,2.699,2.649,0.344,2.134,1.084
3.121,0.674,1.593,2.7,2.651,0.344,2.133,1.084
3.125,0.674,1.594,2.699,2.65,0.344,2.133,1.084
3.124,0.673,1.594,2.7,2.65,0.344,2.131,1.083
3.124,0.673,1.593,2.7,2.65,0.344,2.131,1.083
3.124,0.673,1.593,2.7,2.65,0.343,2.131,1.083
3.123,0.673,1.593,2.7,2.65,0.344,2.131,1.084
3.123,0.674,1.593,2.703,2.649,0.343,2.131,1.084
3.123,0.673,1.593,2.7,2.65,0.343,2.131,1.083
3.123,0.673,1.593,2.7,2.65,0.343,2.13,1.083
3.123,0.674,1.592,2.698,2.648,0.343,2.13,1.084
3.123,0.674,1.592,2.699,2.65,0.344,2.131,1.084
3.123,0.673,1.592,2.699,2.649,0.343,2.13,1.083
3.12,0.673,1.592,2.699,2.653,0.343,2.13,1.083
3.121,0.674,1.592,2.699,2.649,0.343,2.13,1.083
3.121,0.674,1.592,2.699,2.649,0.343,2.13,1.083
3.123,0.673,1.592,2.699,2.648,0.343,2.129,1.083
3.121,0.673,1.591,2.698,2.648,0.343,2.13,1.084
3.12,0.674,1.591,2.698,2.649,0.344,2.129,1.083
3.12,0.673,1.589,2.698,2.649,0.343,2.131,1.083
3.121,0.673,1.591,2.699,2.649,0.343,2.129,1.083
3.121,0.674,1.591,2.698,2.648,0.343,2.128,1.083
3.121,0.674,1.589,2.698,2.649,0.343,2.129,1.083
3.121,0.674,1.589,2.698,2.648,0.343,2.128,1.083
3.121,0.673,1.589,2.698,2.648,0.343,2.128,1.083
3.121,0.673,1.589,2.698,2.648,0.343,2.126,1.082
3.121,0.673,1.589,2.698,2.648,0.342,2.126,1.082
3.12,0.674,1.589,2.697,2.646,0.342,2.126,1.083
3.12,0.673,1.589,2.698,2.649,0.342,2.128,1.083
3.121,0.673,1.589,2.697,2.648,0.342,2.126,1.082
3.12,0.674,1.589,2.7,2.648,0.342,2.128,1.083
3.12,0.674,1.588,2.697,2.646,0.342,2.126,1.082
3.12,0.674,1.589,2.697,2.648,0.342,2.126,1.083
3.12,0.674,1.588,2.695,2.646,0.342,2.126,1.083
3.12,0.673,1.588,2.698,2.648,0.342,2.125,1.082
3.12,0.674,1.589,2.697,2.648,0.342,2.126,1.083
3.12,0.674,1.587,2.697,2.646,0.342,2.125,1.082
3.119,0.673,1.587,2.697,2.648,0.342,2.126,1.083
3.119,0.674,1.587,2.695,2.645,0.342,2.125,1.082
3.12,0.673,1.587,2.697,2.646,0.342,2.125,1.082
3.119,0.673,1.586,2.695,2.645,0.342,2.125,1.083
3.119,0.673,1.587,2.697,2.646,0.342,2.125,1.082
3.119,0.673,1.587,2.695,2.646,0.342,2.125,1.082
3.119,0.673,1.587,2.697,2.646,0.342,2.125,1.082
3.119,0.673,1.586,2.697,2.646,0.342,2.125,1.082
3.119,0.673,1.586,2.697,2.646,0.342,2.125,1.082
3.119,0.673,1.586,2.697,2.646,0.342,2.124,1.082
3.119,0.673,1.587,2.695,2.645,0.342,2.124,1.082
3.119,0.673,1.586,2.695,2.646,0.342,2.124,1.082
3.119,0.673,1.587,2.695,2.645,0.342,2.124,1.082
3.118,0.674,1.584,2.694,2.644,0.342,2.123,1.082
3.116,0.673,1.584,2.695,2.646,0.342,2.123,1.082
3.119,0.673,1.584,2.694,2.645,0.342,2.123,1.08
3.12,0.673,1.586,2.694,2.645,0.342,2.123,1.082
3.116,0.673,1.584,2.695,2.645,0.342,2.123,1.082
3.118,0.673,1.584,2.694,2.645,0.342,2.123,1.082
3.121,0.673,1.584,2.694,2.645,0.342,2.123,1.082
3.118,0.674,1.583,2.693,2.644,0.342,2.122,1.08
3.118,0.674,1.583,2.693,2.643,0.342,2.122,1.08
3.118,0.673,1.583,2.694,2.644,0.341,2.12,1.08
3.116,0.673,1.583,2.694,2.644,0.341,2.122,1.08
3.115,0.673,1.583,2.695,2.645,0.341,2.122,1.08
3.116,0.673,1.582,2.692,2.643,0.341,2.12,1.08
3.115,0.673,1.582,2.693,2.646,0.341,2.12,1.08
3.115,0.673,1.582,2.692,2.643,0.341,2.124,1.08
3.116,0.673,1.582,2.693,2.643,0.341,2.12,1.08
3.116,0.673,1.582,2.693,2.643,0.341,2.119,1.08
3.115,0.673,1.582,2.695,2.643,0.341,2.12,1.08
3.118,0.673,1.582,2.693,2.643,0.341,2.12,1.08
3.115,0.674,1.581,2.692,2.642,0.339,2.119,1.082
3.115,0.673,1.582,2.693,2.644,0.339,2.12,1.08
3.114,0.673,1.581,2.695,2.645,0.339,2.119,1.08
3.115,0.673,1.581,2.693,2.643,0.339,2.119,1.08
3.114,0.673,1.58,2.692,2.644,0.341,2.119,1.08
3.115,0.673,1.581,2.693,2.643,0.339,2.119,1.08
3.115,0.671,1.581,2.692,2.643,0.339,2.118,1.079
3.114,0.673,1.581,2.69,2.642,0.339,2.118,1.079
3.118,0.673,1.58,2.692,2.642,0.339,2.119,1.08
3.113,0.673,1.58,2.692,2.643,0.339,2.118,1.079
3.114,0.671,1.58,2.69,2.642,0.339,2.117,1.079
3.114,0.673,1.58,2.69,2.642,0.339,2.118,1.08
3.113,0.673,1.58,2.693,2.643,0.339,2.118,1.079
3.113,0.671,1.578,2.689,2.642,0.339,2.119,1.079
3.114,0.671,1.578,2.69,2.64,0.339,2.117,1.079
3.114,0.671,1.58,2.69,2.642,0.339,2.117,1.079
3.118,0.673,1.578,2.69,2.642,0.339,2.117,1.079
3.114,0.671,1.578,2.69,2.642,0.339,2.117,1.079
3.112,0.671,1.577,2.689,2.642,0.339,2.117,1.079
3.112,0.671,1.577,2.688,2.639,0.339,2.117,1.08
3.113,0.671,1.577,2.688,2.639,0.339,2.117,1.079
3.113,0.671,1.58,2.689,2.64,0.339,2.117,1.079
3.113,0.671,1.578,2.69,2.642,0.339,2.115,1.079
3.113,0.671,1.578,2.69,2.64,0.339,2.115,1.079
3.112,0.673,1.577,2.689,2.64,0.339,2.115,1.079
3.11,0.671,1.577,2.689,2.642,0.339,2.115,1.079
3.11,0.671,1.577,2.69,2.644,0.339,2.115,1.079
3.11,0.671,1.576,2.689,2.642,0.339,2.115,1.078
3.113,0.671,1.577,2.689,2.64,0.339,2.114,1.078
3.112,0.671,1.576,2.689,2.64,0.339,2.115,1.079
3.11,0.671,1.576,2.688,2.639,0.339,2.114,1.078
3.113,0.671,1.576,2.689,2.64,0.338,2.114,1.078
3.11,0.671,1.576,2.69,2.64,0.338,2.114,1.078
3.113,0.671,1.576,2.688,2.639,0.338,2.114,1.078
3.11,0.671,1.575,2.688,2.64,0.339,2.114,1.078
3.11,0.673,1.575,2.687,2.638,0.338,2.113,1.079
3.112,0.671,1.577,2.688,2.639,0.338,2.114,1.078
3.112,0.671,1.576,2.688,2.639,0.338,2.114,1.078
3.112,0.671,1.575,2.688,2.639,0.338,2.113,1.078
3.11,0.671,1.575,2.688,2.639,0.338,2.113,1.078
3.11,0.671,1.575,2.688,2.639,0.338,2.113,1.078
3.11,0.671,1.575,2.687,2.638,0.338,2.112,1.077
3.109,0.671,1.573,2.686,2.637,0.338,2.112,1.078
3.11,0.671,1.575,2.688,2.638,0.338,2.112,1.077
3.11,0.671,1.573,2.687,2.638,0.338,2.112,1.077
3.11,0.671,1.573,2.687,2.638,0.338,2.111,1.077
3.11,0.671,1.573,2.687,2.638,0.338,2.112,1.077
3.109,0.671,1.573,2.687,2.638,0.338,2.112,1.077
3.109,0.671,1.573,2.687,2.638,0.338,2.112,1.078
3.109,0.671,1.573,2.687,2.638,0.338,2.112,1.077
3.109,0.671,1.573,2.687,2.638,0.338,2.111,1.077
3.108,0.671,1.572,2.686,2.637,0.338,2.111,1.077
3.109,0.671,1.572,2.686,2.637,0.338,2.111,1.077
3.108,0.671,1.573,2.684,2.637,0.338,2.111,1.077
3.109,0.671,1.572,2.684,2.635,0.338,2.109,1.077
3.108,0.671,1.572,2.686,2.637,0.338,2.111,1.077
3.107,0.671,1.571,2.683,2.635,0.337,2.109,1.078
3.108,0.67,1.571,2.684,2.635,0.338,2.109,1.075
3.11,0.671,1.571,2.684,2.635,0.337,2.109,1.077
3.108,0.67,1.571,2.684,2.635,0.337,2.108,1.075
3.108,0.67,1.571,2.683,2.634,0.337,2.108,1.075
3.108,0.67,1.571,2.684,2.635,0.337,2.108,1.075
3.105,0.67,1.57,2.683,2.634,0.337,2.108,1.075
3.108,0.67,1.57,2.683,2.634,0.337,2.107,1.075
3.107,0.67,1.572,2.683,2.634,0.337,2.108,1.077
3.105,0.67,1.57,2.682,2.633,0.337,2.109,1.077
3.107,0.67,1.57,2.682,2.633,0.337,2.107,1.075
3.105,0.67,1.57,2.683,2.634,0.337,2.108,1.075
3.105,0.67,1.57,2.683,2.634,0.337,2.108,1.075
3.105,0.67,1.57,2.683,2.634,0.336,2.108,1.075
3.104,0.67,1.569,2.682,2.637,0.336,2.107,1.075
3.105,0.67,1.569,2.683,2.634,0.336,2.107,1.075
3.105,0.67,1.569,2.683,2.634,0.336,2.107,1.075
3.105,0.67,1.569,2.682,2.633,0.336,2.106,1.074
3.103,0.67,1.567,2.681,2.633,0.336,2.106,1.075
3.105,0.67,1.569,2.682,2.633,0.336,2.106,1.074
3.103,0.67,1.567,2.681,2.632,0.336,2.108,1.075
3.104,0.67,1.567,2.679,2.632,0.336,2.106,1.075
3.103,0.67,1.567,2.679,2.632,0.336,2.106,1.077
3.104,0.67,1.567,2.681,2.632,0.336,2.104,1.074
3.104,0.67,1.567,2.682,2.633,0.336,2.106,1.075
3.104,0.67,1.567,2.681,2.632,0.336,2.106,1.075
3.107,0.67,1.567,2.681,2.632,0.336,2.104,1.075
3.104,0.67,1.567,2.681,2.633,0.336,2.104,1.074
3.104,0.67,1.566,2.679,2.631,0.334,2.103,1.074
3.103,0.67,1.566,2.681,2.632,0.336,2.104,1.074
3.104,0.67,1.566,2.679,2.631,0.334,2.103,1.074
3.103,0.67,1.566,2.678,2.631,0.334,2.103,1.075
3.102,0.67,1.565,2.679,2.633,0.334,2.103,1.074
3.103,0.67,1.566,2.681,2.632,0.334,2.103,1.074
3.103,0.67,1.566,2.679,2.631,0.334,2.102,1.074
3.103,0.67,1.565,2.678,2.629,0.334,2.102,1.074
3.103,0.669,1.565,2.679,2.632,0.336,2.103,1.074
3.103,0.669,1.565,2.679,2.631,0.336,2.103,1.073
3.102,0.67,1.565,2.678,2.631,0.336,2.103,1.074
3.103,0.67,1.566,2.678,2.631,0.336,2.102,1.074
3.103,0.67,1.566,2.678,2.629,0.336,2.102,1.074
3.102,0.669,1.564,2.678,2.629,0.336,2.101,1.073
3.099,0.67,1.564,2.678,2.632,0.336,2.102,1.073
3.102,0.67,1.565,2.678,2.629,0.336,2.102,1.074
3.102,0.669,1.564,2.678,2.631,0.336,2.101,1.073
3.102,0.669,1.564,2.677,2.628,0.334,2.101,1.073
3.103,0.669,1.564,2.677,2.629,0.336,2.101,1.073
3.101,0.669,1.564,2.677,2.628,0.334,2.1,1.073
3.099,0.669,1.562,2.677,2.629,0.336,2.101,1.073
3.104,0.669,1.562,2.677,2.629,0.336,2.101,1.073
3.102,0.669,1.562,2.677,2.629,0.336,2.101,1.073
3.099,0.669,1.562,2.678,2.628,0.336,2.1,1.073
3.099,0.669,1.562,2.677,2.629,0.336,2.101,1.073
3.099,0.669,1.562,2.676,2.628,0.334,2.1,1.073
3.104,0.669,1.561,2.676,2.628,0.334,2.1,1.073
3.101,0.669,1.562,2.677,2.628,0.334,2.098,1.072
3.099,0.669,1.561,2.677,2.628,0.334,2.098,1.072
3.099,0.669,1.561,2.676,2.628,0.334,2.1,1.073
3.099,0.669,1.561,2.676,2.628,0.334,2.1,1.073
3.099,0.669,1.561,2.676,2.628,0.334,2.098,1.072
3.097,0.669,1.56,2.675,2.627,0.334,2.098,1.072
3.097,0.669,1.56,2.676,2.629,0.334,2.098,1.072
3.098,0.669,1.561,2.675,2.627,0.334,2.098,1.072
3.098,0.669,1.56,2.676,2.627,0.334,2.097,1.072
3.097,0.669,1.56,2.676,2.631,0.334,2.097,1.072
3.097,0.669,1.559,2.673,2.626,0.334,2.097,1.073
3.098,0.669,1.56,2.675,2.626,0.333,2.096,1.072
3.098,0.669,1.56,2.675,2.626,0.333,2.096,1.071
3.101,0.669,1.559,2.673,2.627,0.334,2.097,1.072
3.097,0.669,1.559,2.675,2.627,0.333,2.097,1.072
3.097,0.669,1.56,2.675,2.626,0.333,2.096,1.072
3.098,0.668,1.559,2.673,2.626,0.333,2.096,1.071
3.096,0.668,1.558,2.673,2.627,0.334,2.096,1.072
3.097,0.668,1.559,2.672,2.625,0.333,2.095,1.071
3.096,0.668,1.558,2.672,2.625,0.333,2.096,1.072
3.101,0.668,1.558,2.672,2.626,0.333,2.096,1.072
3.096,0.668,1.558,2.676,2.625,0.333,2.095,1.071
3.096,0.668,1.558,2.672,2.626,0.333,2.096,1.071
3.097,0.668,1.558,2.672,2.625,0.333,2.094,1.071
3.094,0.668,1.556,2.672,2.625,0.333,2.095,1.071
3.096,0.668,1.558,2.672,2.625,0.333,2.095,1.071
3.098,0.668,1.556,2.672,2.625,0.333,2.095,1.071
3.096,0.668,1.558,2.671,2.625,0.333,2.095,1.071
3.094,0.668,1.556,2.671,2.623,0.333,2.095,1.072
3.094,0.668,1.556,2.67,2.623,0.333,2.094,1.071
3.096,0.668,1.556,2.672,2.625,0.333,2.094,1.071
3.096,0.667,1.556,2.671,2.623,0.333,2.092,1.069
3.093,0.668,1.555,2.672,2.626,0.333,2.092,1.071
3.096,0.667,1.556,2.671,2.623,0.333,2.092,1.069
3.096,0.668,1.558,2.67,2.623,0.333,2.092,1.071
3.094,0.667,1.555,2.671,2.623,0.333,2.092,1.069
3.092,0.667,1.554,2.668,2.622,0.333,2.094,1.069
3.093,0.667,1.556,2.67,2.622,0.333,2.092,1.071
3.092,0.668,1.555,2.671,2.622,0.333,2.092,1.071
3.094,0.667,1.555,2.67,2.622,0.333,2.091,1.069
3.093,0.667,1.555,2.67,2.623,0.333,2.091,1.069
3.093,0.667,1.555,2.668,2.622,0.333,2.091,1.069
3.093,0.667,1.554,2.67,2.622,0.333,2.09,1.069
3.092,0.667,1.554,2.668,2.621,0.332,2.091,1.071
3.096,0.667,1.554,2.668,2.622,0.332,2.091,1.069
3.093,0.667,1.554,2.668,2.622,0.332,2.09,1.069
3.092,0.667,1.554,2.668,2.622,0.332,2.091,1.069
3.093,0.667,1.555,2.668,2.621,0.332,2.09,1.069
3.092,0.667,1.553,2.668,2.622,0.332,2.09,1.069
3.092,0.667,1.554,2.668,2.621,0.332,2.089,1.068
3.092,0.667,1.553,2.667,2.62,0.332,2.089,1.068
3.091,0.667,1.552,2.666,2.62,0.332,2.09,1.068
3.092,0.667,1.553,2.668,2.621,0.332,2.089,1.068
3.092,0.667,1.553,2.668,2.621,0.332,2.089,1.068
3.091,0.667,1.553,2.667,2.62,0.332,2.089,1.068
3.092,0.667,1.553,2.667,2.62,0.332,2.087,1.068
3.091,0.667,1.552,2.667,2.62,0.332,2.089,1.068
3.091,0.667,1.552,2.667,2.621,0.332,2.087,1.068
3.091,0.665,1.552,2.666,2.62,0.332,2.086,1.068
3.091,0.665,1.552,2.667,2.62,0.332,2.087,1.068
3.09,0.665,1.55,2.665,2.618,0.332,2.087,1.069
3.09,0.667,1.55,2.666,2.62,0.332,2.087,1.068
3.092,0.667,1.55,2.666,2.62,0.332,2.087,1.068
3.09,0.667,1.55,2.666,2.62,0.332,2.087,1.068
3.091,0.665,1.552,2.666,2.618,0.332,2.086,1.068
3.091,0.665,1.553,2.666,2.618,0.332,2.086,1.068
3.091,0.665,1.55,2.666,2.618,0.332,2.086,1.068
3.09,0.665,1.55,2.665,2.618,0.331,2.085,1.067
3.088,0.665,1.55,2.665,2.618,0.332,2.086,1.068
3.09,0.665,1.55,2.665,2.618,0.332,2.085,1.067
3.09,0.665,1.55,2.665,2.618,0.332,2.085,1.067
3.088,0.665,1.549,2.665,2.618,0.332,2.085,1.068
3.087,0.665,1.549,2.666,2.622,0.332,2.085,1.067
3.088,0.667,1.549,2.664,2.617,0.331,2.085,1.068
3.088,0.665,1.549,2.664,2.617,0.331,2.084,1.067
3.09,0.665,1.549,2.665,2.618,0.331,2.084,1.067
3.088,0.665,1.549,2.665,2.618,0.331,2.084,1.067
3.087,0.665,1.548,2.664,2.617,0.332,2.085,1.067
3.087,0.665,1.548,2.665,2.62,0.331,2.084,1.067
3.088,0.665,1.55,2.664,2.618,0.331,2.084,1.067
3.088,0.665,1.55,2.664,2.618,0.331,2.084,1.067
3.087,0.665,1.549,2.665,2.618,0.331,2.084,1.067
3.088,0.665,1.549,2.665,2.618,0.331,2.083,1.067
3.086,0.665,1.548,2.664,2.62,0.331,2.083,1.067
3.087,0.665,1.548,2.666,2.618,0.331,2.083,1.067
3.088,0.665,1.55,2.664,2.618,0.331,2.083,1.068
3.088,0.664,1.548,2.664,2.617,0.331,2.081,1.067
3.088,0.665,1.549,2.664,2.618,0.331,2.083,1.068
3.087,0.664,1.547,2.662,2.617,0.331,2.083,1.068
3.087,0.665,1.547,2.664,2.618,0.331,2.081,1.067
3.087,0.665,1.547,2.664,2.618,0.331,2.081,1.067
3.087,0.664,1.548,2.666,2.618,0.331,2.081,1.067
3.088,0.665,1.548,2.664,2.618,0.33,2.081,1.068
3.087,0.664,1.547,2.664,2.618,0.33,2.081,1.067
3.088,0.664,1.548,2.665,2.62,0.33,2.081,1.067
3.088,0.664,1.548,2.665,2.62,0.33,2.081,1.067
3.088,0.664,1.548,2.664,2.618,0.33,2.08,1.067
3.088,0.664,1.547,2.664,2.617,0.33,2.08,1.067
3.087,0.664,1.547,2.662,2.617,0.33,2.08,1.068
3.087,0.664,1.547,2.662,2.617,0.33,2.08,1.069
3.088,0.664,1.548,2.664,2.618,0.33,2.079,1.067
3.088,0.664,1.548,2.664,2.618,0.33,2.079,1.067
3.088,0.664,1.548,2.665,2.62,0.33,2.08,1.067
3.088,0.664,1.548,2.665,2.618,0.33,2.079,1.068
3.088,0.665,1.547,2.662,2.617,0.33,2.079,1.068
3.088,0.664,1.548,2.665,2.62,0.33,2.079,1.067
3.091,0.664,1.547,2.664,2.618,0.33,2.079,1.068
3.088,0.664,1.547,2.664,2.618,0.33,2.078,1.067
3.087,0.664,1.547,2.666,2.618,0.33,2.078,1.067
3.09,0.664,1.547,2.664,2.618,0.33,2.079,1.068
3.087,0.664,1.545,2.664,2.62,0.33,2.078,1.067
3.088,0.664,1.548,2.667,2.618,0.33,2.078,1.067
3.09,0.664,1.549,2.664,2.618,0.33,2.078,1.068
3.088,0.664,1.547,2.664,2.618,0.33,2.076,1.067
3.087,0.664,1.545,2.664,2.618,0.33,2.079,1.067
3.088,0.664,1.548,2.664,2.618,0.33,2.078,1.067
3.09,0.663,1.547,2.665,2.618,0.33,2.076,1.067
3.09,0.663,1.547,2.665,2.62,0.33,2.076,1.067
3.088,0.664,1.547,2.665,2.62,0.328,2.076,1.067
3.088,0.664,1.545,2.664,2.618,0.328,2.075,1.067
3.088,0.664,1.548,2.664,2.618,0.328,2.076,1.067
3.091,0.664,1.545,2.664,2.62,0.328,2.076,1.067
3.09,0.663,1.547,2.664,2.618,0.328,2.075,1.067
3.088,0.663,1.545,2.665,2.62,0.328,2.076,1.067
3.09,0.663,1.545,2.664,2.618,0.328,2.075,1.067
3.088,0.664,1.545,2.664,2.618,0.328,2.074,1.067
3.088,0.663,1.548,2.664,2.618,0.328,2.075,1.067
3.09,0.663,1.545,2.665,2.62,0.328,2.074,1.067
3.088,0.663,1.545,2.664,2.618,0.328,2.074,1.067
3.087,0.663,1.545,2.666,2.621,0.328,2.074,1.067
3.087,0.663,1.544,2.664,2.618,0.328,2.074,1.067
3.087,0.663,1.544,2.664,2.62,0.328,2.074,1.067
3.087,0.663,1.544,2.664,2.62,0.328,2.074,1.067
3.087,0.663,1.544,2.664,2.621,0.328,2.074,1.067
3.088,0.663,1.544,2.662,2.618,0.328,2.074,1.068
3.087,0.663,1.544,2.662,2.618,0.328,2.075,1.067
3.088,0.663,1.544,2.664,2.62,0.328,2.074,1.067
3.088,0.663,1.545,2.664,2.618,0.327,2.073,1.066
3.088,0.663,1.545,2.665,2.62,0.327,2.073,1.066
3.088,0.663,1.544,2.664,2.618,0.327,2.072,1.066
3.088,0.663,1.544,2.664,2.62,0.327,2.073,1.066
3.088,0.663,1.544,2.664,2.62,0.327,2.072,1.066
3.088,0.663,1.544,2.665,2.62,0.327,2.073,1.067
3.087,0.663,1.543,2.662,2.617,0.327,2.073,1.067
3.088,0.663,1.544,2.664,2.62,0.327,2.072,1.066
3.088,0.663,1.543,2.662,2.617,0.327,2.072,1.066
3.087,0.663,1.543,2.664,2.618,0.327,2.072,1.067
3.087,0.663,1.543,2.664,2.618,0.327,2.072,1.067
3.088,0.662,1.544,2.664,2.62,0.327,2.072,1.066
3.088,0.662,1.544,2.664,2.618,0.327,2.07,1.066
3.087,0.663,1.543,2.664,2.618,0.327,2.072,1.067
3.086,0.663,1.543,2.662,2.62,0.327,2.07,1.066
3.087,0.663,1.543,2.664,2.618,0.327,2.07,1.066
3.088,0.662,1.543,2.662,2.617,0.327,2.069,1.066
3.086,0.662,1.542,2.662,2.617,0.327,2.07,1.067
3.087,0.663,1.542,2.662,2.617,0.327,2.069,1.066
3.087,0.662,1.543,2.664,2.618,0.327,2.07,1.066
3.088,0.662,1.543,2.662,2.618,0.327,2.069,1.066
3.087,0.662,1.543,2.664,2.618,0.327,2.069,1.066
3.087,0.662,1.542,2.662,2.618,0.327,2.07,1.066
3.086,0.662,1.541,2.661,2.617,0.326,2.069,1.066
3.087,0.662,1.542,2.664,2.618,0.327,2.069,1.066
3.086,0.662,1.542,2.666,2.617,0.326,2.068,1.066
3.087,0.662,1.542,2.662,2.618,0.326,2.068,1.066
3.087,0.662,1.542,2.661,2.616,0.326,2.067,1.064
3.088,0.662,1.542,2.662,2.617,0.326,2.068,1.066
3.087,0.662,1.541,2.661,2.616,0.326,2.067,1.064
3.086,0.662,1.541,2.661,2.616,0.326,2.068,1.066
3.086,0.662,1.541,2.662,2.617,0.326,2.068,1.066
3.086,0.663,1.541,2.661,2.616,0.326,2.067,1.066
3.085,0.662,1.539,2.661,2.617,0.327,2.067,1.064
3.091,0.662,1.541,2.661,2.617,0.326,2.067,1.066
3.086,0.662,1.541,2.662,2.617,0.326,2.067,1.064
3.086,0.662,1.541,2.661,2.616,0.326,2.065,1.064
3.086,0.662,1.541,2.661,2.616,0.326,2.065,1.064
3.086,0.66,1.541,2.661,2.616,0.326,2.065,1.064
3.09,0.662,1.539,2.661,2.617,0.326,2.067,1.064
3.086,0.662,1.539,2.661,2.616,0.326,2.065,1.064
3.086,0.662,1.541,2.662,2.616,0.326,2.065,1.064
3.085,0.662,1.539,2.66,2.615,0.326,2.065,1.064
3.086,0.66,1.539,2.661,2.616,0.326,2.064,1.064
3.085,0.66,1.538,2.66,2.616,0.326,2.065,1.066
3.086,0.66,1.539,2.661,2.616,0.326,2.064,1.064
3.085,0.662,1.539,2.661,2.617,0.326,2.065,1.064
3.085,0.662,1.538,2.66,2.616,0.326,2.064,1.064
3.086,0.66,1.539,2.661,2.617,0.326,2.064,1.064
3.085,0.662,1.539,2.66,2.616,0.326,2.063,1.064
3.085,0.66,1.539,2.661,2.618,0.326,2.064,1.066
3.086,0.66,1.541,2.661,2.618,0.326,2.064,1.066
3.083,0.66,1.539,2.662,2.618,0.326,2.063,1.066
3.085,0.66,1.539,2.662,2.621,0.326,2.063,1.066
3.085,0.66,1.538,2.661,2.618,0.326,2.065,1.066
3.085,0.66,1.538,2.661,2.618,0.326,2.064,1.066
3.086,0.66,1.539,2.662,2.62,0.326,2.063,1.066
3.086,0.66,1.539,2.662,2.62,0.327,2.063,1.066
3.086,0.66,1.539,2.662,2.62,0.327,2.065,1.066
3.087,0.66,1.539,2.664,2.621,0.326,2.063,1.067
3.088,0.66,1.541,2.665,2.622,0.326,2.062,1.066
3.086,0.66,1.539,2.664,2.622,0.327,2.062,1.067
3.088,0.66,1.541,2.665,2.623,0.326,2.062,1.067
3.088,0.66,1.541,2.664,2.622,0.326,2.062,1.067
3.09,0.66,1.542,2.666,2.623,0.326,2.062,1.067
3.092,0.66,1.541,2.666,2.623,0.326,2.062,1.067
3.091,0.66,1.542,2.666,2.623,0.326,2.061,1.067
3.09,0.66,1.542,2.666,2.625,0.326,2.062,1.068
3.09,0.66,1.541,2.666,2.625,0.326,2.061,1.068
3.091,0.66,1.542,2.667,2.623,0.326,2.061,1.069
3.094,0.66,1.542,2.668,2.626,0.326,2.062,1.068
3.091,0.66,1.542,2.667,2.625,0.326,2.061,1.069
3.092,0.66,1.542,2.668,2.627,0.326,2.061,1.068
3.093,0.66,1.543,2.668,2.626,0.326,2.059,1.068
3.093,0.66,1.543,2.67,2.628,0.326,2.061,1.069
3.094,0.66,1.543,2.671,2.628,0.326,2.059,1.068
3.093,0.66,1.543,2.67,2.627,0.326,2.061,1.071
3.094,0.66,1.544,2.671,2.629,0.326,2.061,1.069
3.096,0.66,1.544,2.671,2.628,0.326,2.058,1.069
3.096,0.66,1.545,2.672,2.629,0.326,2.059,1.069
3.097,0.659,1.544,2.673,2.631,0.326,2.059,1.069
3.096,0.66,1.544,2.673,2.631,0.326,2.059,1.069
3.096,0.66,1.544,2.672,2.629,0.326,2.058,1.071
3.101,0.66,1.545,2.673,2.631,0.326,2.059,1.071
3.097,0.66,1.545,2.675,2.632,0.325,2.059,1.071
3.098,0.66,1.545,2.675,2.632,0.325,2.059,1.071
3.098,0.659,1.545,2.676,2.633,0.325,2.058,1.071
3.098,0.66,1.545,2.676,2.633,0.325,2.058,1.071
3.098,0.66,1.545,2.677,2.633,0.325,2.058,1.071
3.099,0.659,1.545,2.677,2.634,0.325,2.058,1.071
3.099,0.66,1.545,2.676,2.633,0.325,2.058,1.071
3.101,0.659,1.547,2.677,2.634,0.325,2.058,1.071
3.099,0.659,1.545,2.676,2.633,0.325,2.058,1.071
3.101,0.659,1.547,2.678,2.635,0.325,2.058,1.071
3.102,0.659,1.547,2.678,2.635,0.325,2.057,1.071
3.101,0.659,1.545,2.678,2.637,0.325,2.057,1.071
3.105,0.659,1.547,2.678,2.635,0.325,2.057,1.072
3.103,0.659,1.547,2.678,2.635,0.325,2.056,1.071
3.105,0.659,1.547,2.679,2.637,0.325,2.057,1.072
3.103,0.659,1.547,2.679,2.635,0.325,2.056,1.071
3.104,0.659,1.548,2.681,2.637,0.325,2.056,1.071
3.102,0.659,1.547,2.679,2.637,0.325,2.059,1.072
3.104,0.659,1.548,2.681,2.638,0.325,2.056,1.072
3.104,0.659,1.547,2.679,2.637,0.325,2.054,1.072
3.104,0.659,1.548,2.681,2.638,0.325,2.054,1.071
3.103,0.659,1.548,2.683,2.638,0.325,2.056,1.072
3.105,0.659,1.548,2.681,2.638,0.325,2.054,1.072
3.105,0.659,1.548,2.681,2.638,0.325,2.054,1.072
3.104,0.66,1.547,2.681,2.638,0.325,2.054,1.072
3.109,0.659,1.548,2.682,2.639,0.325,2.056,1.072
3.105,0.659,1.548,2.684,2.639,0.325,2.054,1.072
3.105,0.659,1.548,2.686,2.639,0.325,2.054,1.072
3.107,0.659,1.549,2.683,2.64,0.326,2.056,1.073
3.109,0.66,1.549,2.683,2.64,0.326,2.056,1.073
3.105,0.66,1.548,2.683,2.642,0.326,2.054,1.073
3.105,0.659,1.548,2.684,2.644,0.326,2.054,1.073
3.107,0.659,1.549,2.684,2.642,0.325,2.054,1.073
3.107,0.659,1.549,2.684,2.64,0.325,2.053,1.072
3.107,0.66,1.548,2.682,2.639,0.325,2.053,1.073
3.107,0.659,1.549,2.684,2.64,0.325,2.053,1.073
3.11,0.659,1.548,2.683,2.64,0.325,2.053,1.073
3.107,0.659,1.548,2.684,2.642,0.325,2.053,1.073
3.107,0.659,1.548,2.683,2.64,0.325,2.052,1.072
3.108,0.659,1.548,2.684,2.64,0.325,2.052,1.072
3.105,0.659,1.548,2.683,2.642,0.325,2.054,1.073
3.108,0.658,1.548,2.684,2.642,0.325,2.052,1.072
3.107,0.659,1.548,2.683,2.64,0.325,2.053,1.073
3.108,0.658,1.548,2.686,2.643,0.325,2.052,1.073
3.107,0.658,1.548,2.683,2.642,0.325,2.054,1.073
3.108,0.659,1.548,2.684,2.642,0.323,2.052,1.073
3.107,0.658,1.548,2.683,2.642,0.323,2.052,1.073
3.108,0.658,1.548,2.686,2.642,0.323,2.051,1.072
3.108,0.658,1.548,2.686,2.643,0.323,2.051,1.073
3.107,0.658,1.548,2.686,2.644,0.323,2.051,1.072
3.108,0.658,1.549,2.684,2.642,0.323,2.051,1.073
3.108,0.658,1.548,2.686,2.643,0.323,2.051,1.073
3.108,0.658,1.548,2.686,2.643,0.323,2.051,1.073
3.109,0.658,1.548,2.686,2.643,0.323,2.05,1.072
3.109,0.658,1.548,2.684,2.642,0.323,2.048,1.072
3.108,0.658,1.548,2.686,2.643,0.323,2.05,1.073
3.112,0.658,1.548,2.686,2.643,0.323,2.05,1.073
3.108,0.658,1.548,2.686,2.643,0.323,2.05,1.073
3.109,0.658,1.548,2.686,2.643,0.323,2.048,1.072
3.109,0.658,1.548,2.687,2.643,0.323,2.048,1.072
3.109,0.658,1.548,2.687,2.643,0.323,2.048,1.072
3.109,0.658,1.548,2.687,2.644,0.323,2.048,1.072
3.108,0.658,1.547,2.686,2.643,0.323,2.05,1.072
3.108,0.658,1.547,2.686,2.643,0.323,2.048,1.073
3.109,0.658,1.547,2.687,2.643,0.323,2.047,1.072
3.109,0.658,1.547,2.687,2.643,0.323,2.047,1.072
3.108,0.658,1.545,2.686,2.643,0.323,2.047,1.072
3.109,0.658,1.547,2.687,2.643,0.323,2.047,1.072
3.109,0.658,1.548,2.686,2.643,0.323,2.047,1.072
3.109,0.657,1.547,2.686,2.643,0.323,2.046,1.072
3.109,0.658,1.547,2.686,2.643,0.323,2.046,1.072
3.109,0.658,1.547,2.687,2.644,0.323,2.047,1.072
3.109,0.657,1.547,2.687,2.643,0.323,2.046,1.072
3.108,0.658,1.545,2.686,2.646,0.323,2.046,1.072
3.109,0.657,1.547,2.687,2.643,0.323,2.045,1.072
3.108,0.657,1.545,2.686,2.642,0.323,2.046,1.072
3.108,0.658,1.545,2.687,2.643,0.323,2.046,1.072
3.11,0.658,1.547,2.686,2.643,0.323,2.046,1.072
3.107,0.657,1.545,2.686,2.643,0.323,2.045,1.072
3.108,0.657,1.545,2.687,2.644,0.323,2.045,1.072
3.109,0.657,1.545,2.687,2.643,0.323,2.045,1.072
3.107,0.657,1.544,2.686,2.644,0.323,2.045,1.072
3.108,0.657,1.545,2.687,2.644,0.322,2.045,1.072
3.108,0.657,1.544,2.687,2.643,0.322,2.045,1.072
3.109,0.657,1.544,2.686,2.643,0.322,2.045,1.072
3.108,0.657,1.544,2.686,2.642,0.322,2.046,1.071
3.109,0.657,1.544,2.686,2.642,0.322,2.042,1.071
3.109,0.657,1.544,2.687,2.643,0.322,2.042,1.071
3.108,0.657,1.544,2.688,2.643,0.322,2.043,1.071
3.109,0.657,1.544,2.686,2.643,0.322,2.042,1.071
3.108,0.657,1.543,2.686,2.643,0.322,2.043,1.072
3.109,0.657,1.544,2.686,2.643,0.322,2.042,1.071
3.107,0.657,1.543,2.684,2.642,0.322,2.043,1.071
3.108,0.657,1.543,2.686,2.643,0.322,2.042,1.071
3.108,0.657,1.543,2.686,2.643,0.322,2.042,1.071
3.108,0.657,1.543,2.686,2.643,0.322,2.042,1.071
3.108,0.657,1.543,2.686,2.643,0.322,2.041,1.071
3.108,0.657,1.543,2.684,2.642,0.321,2.041,1.071
3.107,0.657,1.543,2.688,2.642,0.322,2.041,1.071
3.107,0.657,1.542,2.686,2.643,0.322,2.042,1.071
