3.12988,0.800781,1.40137,2.77466,2.66968,0.212402,1.62354,1.15601
3.12744,0.802002,1.40015,2.77344,2.66846,0.212402,1.62598,1.15601
3.12866,0.802002,1.40137,2.77344,2.66846,0.212402,1.62354,1.15479
3.12988,0.802002,1.40137,2.77466,2.66968,0.212402,1.62476,1.15601
3.12866,0.802002,1.40137,2.77466,2.66968,0.212402,1.62476,1.15601
3.12866,0.802002,1.40137,2.77466,2.66968,0.212402,1.62476,1.15479
3.12866,0.803223,1.40137,2.77466,2.66968,0.212402,1.62476,1.15601
3.12866,0.803223,1.40137,2.77466,2.66968,0.213623,1.62476,1.15601
3.12622,0.803223,1.40015,2.77344,2.66968,0.213623,1.62476,1.15479
3.12866,0.803223,1.40259,2.77344,2.66846,0.212402,1.62476,1.15479
3.12866,0.803223,1.40137,2.77466,2.66968,0.213623,1.62476,1.15479
3.12744,0.803223,1.40137,2.77466,2.66968,0.213623,1.62598,1.15479
3.12744,0.803223,1.40137,2.77466,2.66968,0.213623,1.62598,1.15479
3.12866,0.803223,1.40137,2.77344,2.66846,0.212402,1.62476,1.15479
3.12744,0.803223,1.40137,2.77222,2.66724,0.212402,1.62476,1.15479
3.12744,0.803223,1.40137,2.77222,2.66724,0.212402,1.62476,1.15479
3.12744,0.804443,1.40137,2.77222,2.66724,0.212402,1.62598,1.15479
3.12622,0.804443,1.40137,2.77222,2.66602,0.213623,1.62598,1.15479
3.12744,0.804443,1.40137,2.77344,2.66846,0.213623,1.62598,1.15479
3.12622,0.804443,1.40137,2.77222,2.66724,0.213623,1.6272,1.15479
3.125,0.804443,1.40137,2.77344,2.66846,0.213623,1.62598,1.15479
3.12622,0.805664,1.40259,2.77222,2.66724,0.213623,1.6272,1.15479
3.12744,0.805664,1.40137,2.77344,2.66846,0.213623,1.6272,1.15479
3.125,0.805664,1.40137,2.77344,2.66846,0.213623,1.6272,1.15479
3.12622,0.805664,1.40137,2.77222,2.66602,0.212402,1.62598,1.15356
3.12744,0.805664,1.40137,2.77222,2.66724,0.213623,1.6272,1.15356
3.12622,0.805664,1.40137,2.77222,2.66724,0.213623,1.6272,1.15356
3.125,0.805664,1.40137,2.77344,2.66968,0.212402,1.6272,1.15356
3.12622,0.805664,1.40259,2.77222,2.66724,0.213623,1.6272,1.15356
3.12378,0.805664,1.40137,2.771,2.66602,0.213623,1.62842,1.15479
3.12622,0.805664,1.40259,2.77222,2.66724,0.212402,1.6272,1.15356
3.12622,0.806885,1.40137,2.771,2.66479,0.212402,1.6272,1.15356
3.12622,0.806885,1.40381,2.771,2.66602,0.212402,1.62842,1.15356
3.125,0.808105,1.40259,2.77344,2.66602,0.212402,1.62842,1.15356
3.125,0.808105,1.40259,2.771,2.66602,0.212402,1.62842,1.15356
3.12378,0.809326,1.40137,2.76978,2.66479,0.212402,1.62842,1.15356
3.125,0.808105,1.40137,2.76978,2.66479,0.212402,1.62842,1.15234
3.125,0.809326,1.40137,2.771,2.66602,0.212402,1.62842,1.15356
3.125,0.809326,1.40259,2.771,2.66602,0.212402,1.62842,1.15234
3.125,0.809326,1.40259,2.76978,2.66479,0.212402,1.62842,1.15234
3.12378,0.810547,1.40259,2.76978,2.66479,0.212402,1.62964,1.15356
3.12378,0.810547,1.40259,2.76978,2.66357,0.212402,1.62842,1.15234
3.125,0.810547,1.40259,2.771,2.66479,0.212402,1.62964,1.15234
3.12378,0.811768,1.40259,2.76978,2.66479,0.212402,1.62964,1.15234
3.125,0.811768,1.40259,2.771,2.66479,0.212402,1.62964,1.15234
3.125,0.811768,1.40259,2.76978,2.66479,0.212402,1.62964,1.15234
3.12378,0.811768,1.40259,2.76978,2.66357,0.212402,1.62964,1.15112
3.12256,0.811768,1.40259,2.76978,2.66602,0.212402,1.62964,1.15234
3.12256,0.812988,1.40259,2.77344,2.66479,0.212402,1.62964,1.15234
3.12256,0.812988,1.40137,2.76855,2.66235,0.212402,1.63086,1.15234
3.12256,0.812988,1.40137,2.76855,2.66235,0.212402,1.63086,1.15234
3.12134,0.812988,1.40259,2.76855,2.66357,0.212402,1.6333,1.15234
3.12134,0.812988,1.40259,2.76978,2.66602,0.212402,1.63086,1.15112
3.12134,0.814209,1.40259,2.76733,2.66235,0.212402,1.63086,1.15234
3.12378,0.812988,1.40259,2.76855,2.66235,0.212402,1.63086,1.15112
3.12256,0.814209,1.40259,2.76733,2.66235,0.212402,1.63086,1.15112
3.12134,0.814209,1.40259,2.76733,2.66235,0.212402,1.6333,1.15112
3.12134,0.81543,1.40259,2.76733,2.66113,0.212402,1.63086,1.15234
3.12256,0.814209,1.40259,2.76733,2.66113,0.212402,1.63086,1.15112
3.12256,0.814209,1.40259,2.76855,2.66235,0.212402,1.63208,1.15112
3.12256,0.814209,1.40259,2.76855,2.66235,0.212402,1.63208,1.15112
3.12134,0.81543,1.40259,2.76733,2.66113,0.212402,1.63086,1.15112
3.12134,0.81543,1.40381,2.771,2.66235,0.212402,1.63208,1.15112
3.12134,0.81543,1.40259,2.76733,2.66235,0.212402,1.63208,1.15112
3.12012,0.81543,1.40259,2.76855,2.66479,0.212402,1.63208,1.15112
3.12256,0.81543,1.40259,2.76855,2.66235,0.212402,1.63208,1.15112
3.12012,0.81543,1.40259,2.76733,2.66113,0.212402,1.63208,1.15112
3.12012,0.81665,1.40259,2.76611,2.65991,0.212402,1.6333,1.15234
3.12134,0.81543,1.40259,2.76733,2.66113,0.212402,1.63208,1.1499
3.12134,0.81543,1.40381,2.76733,2.66113,0.212402,1.63208,1.1499
3.12012,0.81665,1.40259,2.76733,2.66113,0.212402,1.6333,1.15112
3.12378,0.81665,1.40259,2.76733,2.66113,0.212402,1.6333,1.1499
3.12134,0.81665,1.40381,2.76733,2.66113,0.212402,1.6333,1.1499
3.1189,0.81665,1.40259,2.76611,2.65991,0.212402,1.63574,1.1499
3.1189,0.81665,1.40259,2.76733,2.66357,0.212402,1.6333,1.1499
3.1189,0.81665,1.40381,2.76855,2.65991,0.212402,1.6333,1.1499
3.12012,0.81665,1.40381,2.76855,2.65991,0.212402,1.6333,1.1499
3.1189,0.81665,1.40259,2.76489,2.65991,0.211182,1.63574,1.15112
3.1189,0.817871,1.40259,2.76489,2.65869,0.212402,1.6333,1.1499
3.1189,0.817871,1.40259,2.76489,2.65869,0.212402,1.6333,1.1499
3.12012,0.81665,1.40381,2.76611,2.65869,0.212402,1.6333,1.14868
3.1189,0.817871,1.40381,2.76611,2.65869,0.212402,1.63452,1.1499
3.1189,0.817871,1.40381,2.76855,2.65869,0.212402,1.63452,1.1499
3.1189,0.819092,1.40259,2.76489,2.65747,0.211182,1.6333,1.14868
3.1189,0.817871,1.40381,2.76611,2.65991,0.212402,1.63452,1.14868
3.11768,0.819092,1.40259,2.76367,2.65747,0.211182,1.63452,1.1499
3.1189,0.817871,1.40381,2.76611,2.65869,0.211182,1.63452,1.14868
3.1189,0.819092,1.40381,2.76489,2.65869,0.211182,1.63574,1.1499
3.1189,0.817871,1.40381,2.76489,2.65747,0.211182,1.63452,1.14868
3.11768,0.819092,1.40381,2.76489,2.65869,0.211182,1.63452,1.14868
3.11646,0.819092,1.40259,2.76367,2.65747,0.212402,1.63452,1.14868
3.11768,0.819092,1.40381,2.76489,2.65869,0.211182,1.63574,1.14868
3.11768,0.819092,1.40381,2.76611,2.65747,0.211182,1.63574,1.14868
3.11768,0.819092,1.40381,2.76489,2.65747,0.211182,1.63574,1.14868
3.11646,0.819092,1.40259,2.76367,2.65747,0.211182,1.63696,1.14868
3.11768,0.819092,1.40381,2.76367,2.65747,0.211182,1.63574,1.14868
3.11768,0.819092,1.40381,2.76367,2.65747,0.211182,1.63574,1.14868
3.11768,0.819092,1.40381,2.76367,2.65747,0.211182,1.63574,1.14868
3.11646,0.820312,1.40381,2.76611,2.65625,0.211182,1.63574,1.14746
3.11768,0.820312,1.40381,2.76367,2.65747,0.211182,1.63574,1.14868
3.11646,0.820312,1.40381,2.76245,2.65503,0.211182,1.63574,1.14746
3.11768,0.820312,1.40381,2.76367,2.65625,0.211182,1.63574,1.14746
3.11646,0.820312,1.40381,2.76367,2.65625,0.211182,1.63696,1.14746
3.11523,0.821533,1.40381,2.76123,2.65381,0.211182,1.63574,1.14746
3.11523,0.820312,1.40381,2.76123,2.65625,0.211182,1.63818,1.14746
3.11646,0.820312,1.40381,2.76245,2.65381,0.211182,1.63574,1.14746
3.11646,0.820312,1.40625,2.76245,2.65503,0.211182,1.63696,1.14746
3.11646,0.820312,1.40381,2.76245,2.65503,0.211182,1.63574,1.14624
3.11646,0.820312,1.40381,2.76245,2.65503,0.211182,1.63696,1.14746
3.11523,0.820312,1.40381,2.76123,2.65503,0.211182,1.63696,1.14746
3.11523,0.820312,1.40381,2.76123,2.65503,0.211182,1.63696,1.14746
3.11401,0.820312,1.40381,2.76245,2.65503,0.211182,1.63696,1.14746
3.11401,0.821533,1.40381,2.76001,2.65259,0.211182,1.63696,1.14746
3.11401,0.821533,1.40381,2.76001,2.65259,0.211182,1.63696,1.14624
3.11523,0.821533,1.40381,2.76123,2.65381,0.211182,1.63818,1.14746
3.11401,0.821533,1.40381,2.76245,2.65503,0.211182,1.63696,1.14624
3.11523,0.821533,1.40625,2.76245,2.65259,0.211182,1.63696,1.14624
3.11279,0.821533,1.40381,2.76123,2.65503,0.211182,1.63696,1.14624
3.11401,0.821533,1.40381,2.76123,2.65381,0.211182,1.63818,1.14624
3.11401,0.821533,1.40381,2.76001,2.65259,0.211182,1.63696,1.14624
3.11279,0.821533,1.40381,2.76123,2.65381,0.211182,1.63818,1.14624
3.11401,0.821533,1.40503,2.76123,2.65381,0.211182,1.63818,1.14624
3.11279,0.821533,1.40381,2.75879,2.65259,0.211182,1.6394,1.14624
3.11401,0.821533,1.40381,2.76001,2.65137,0.211182,1.63696,1.14624
3.11401,0.821533,1.40503,2.76001,2.65259,0.211182,1.63818,1.14624
3.11401,0.821533,1.40381,2.76001,2.65137,0.211182,1.63818,1.14502
3.11401,0.821533,1.40503,2.76001,2.65259,0.211182,1.63818,1.14502
3.11157,0.821533,1.40381,2.75879,2.65259,0.211182,1.63818,1.14624
3.11279,0.821533,1.40381,2.75879,2.65137,0.211182,1.63818,1.14624
3.11279,0.821533,1.40503,2.76001,2.65137,0.211182,1.63818,1.14502
3.11279,0.822754,1.40625,2.76245,2.65137,0.211182,1.63818,1.14502
3.11279,0.821533,1.40381,2.75879,2.65015,0.211182,1.63818,1.14502
3.11157,0.822754,1.40381,2.75757,2.65015,0.211182,1.63818,1.14624
3.11157,0.822754,1.40381,2.75757,2.64893,0.211182,1.63818,1.14502
3.11157,0.822754,1.40625,2.76245,2.65015,0.211182,1.6394,1.14502
3.11157,0.822754,1.40381,2.75879,2.65137,0.211182,1.6394,1.14502
3.11035,0.822754,1.40503,2.76001,2.65015,0.211182,1.6394,1.14502
3.11035,0.823975,1.40381,2.75635,2.64893,0.211182,1.6394,1.14502
3.11035,0.822754,1.40381,2.75757,2.65015,0.211182,1.6394,1.14502
3.11157,0.822754,1.40381,2.75635,2.64893,0.211182,1.63818,1.14502
3.11035,0.822754,1.40381,2.75635,2.64893,0.211182,1.63818,1.14502
3.11035,0.822754,1.40381,2.75757,2.65137,0.211182,1.63818,1.14502
3.10913,0.822754,1.40381,2.75635,2.64893,0.211182,1.64063,1.14624
3.10913,0.822754,1.40381,2.75635,2.65015,0.211182,1.6394,1.14502
3.11035,0.822754,1.40381,2.75757,2.64893,0.211182,1.6394,1.14502
3.11157,0.822754,1.40503,2.75635,2.64893,0.211182,1.6394,1.14502
3.11035,0.822754,1.40381,2.75757,2.64893,0.211182,1.6394,1.14502
3.10913,0.822754,1.40381,2.75513,2.64771,0.211182,1.63818,1.1438
3.10913,0.823975,1.40259,2.75513,2.64771,0.211182,1.6394,1.14502
3.11035,0.822754,1.40381,2.75635,2.64893,0.211182,1.6394,1.1438
3.11035,0.823975,1.40381,2.75635,2.64893,0.211182,1.6394,1.1438
3.10913,0.823975,1.40381,2.75635,2.64771,0.211182,1.6394,1.14502
3.10913,0.823975,1.40381,2.75635,2.64771,0.211182,1.6394,1.14502
3.10913,0.823975,1.40381,2.75513,2.64648,0.212402,1.63818,1.1438
3.10791,0.823975,1.40259,2.75513,2.64771,0.213623,1.6394,1.14502
3.10913,0.823975,1.40381,2.75635,2.64893,0.218506,1.6394,1.14502
3.11035,0.823975,1.40503,2.75513,2.64771,0.224609,1.64063,1.14502
3.10913,0.823975,1.40381,2.75635,2.65015,0.235596,1.64063,1.14502
3.11279,0.823975,1.40381,2.75513,2.65015,0.250244,1.64185,1.14624
3.10791,0.825195,1.40381,2.75391,2.65137,0.268555,1.64307,1.14746
3.10913,0.823975,1.40625,2.75635,2.65381,0.290527,1.64673,1.14624
3.10791,0.823975,1.40747,2.75635,2.65991,0.314941,1.64917,1.14868
3.10913,0.825195,1.40991,2.75635,2.65991,0.343018,1.65283,1.14868
3.11035,0.823975,1.41357,2.75879,2.66602,0.373535,1.65771,1.1499
3.11035,0.825195,1.41724,2.75879,2.67212,0.407715,1.6626,1.15234
3.11401,0.823975,1.42334,2.76245,2.68066,0.445557,1.6687,1.15234
3.11523,0.825195,1.42944,2.76611,2.68921,0.488281,1.67725,1.15356
3.11768,0.825195,1.43677,2.76978,2.7002,0.53833,1.68579,1.15479
3.12134,0.823975,1.44531,2.77344,2.7124,0.5896,1.69434,1.15479
3.12622,0.823975,1.45508,2.77832,2.72339,0.639648,1.70288,1.15601
3.1311,0.823975,1.46606,2.7832,2.73804,0.689697,1.71509,1.15723
3.13599,0.825195,1.47705,2.78931,2.75269,0.739746,1.73218,1.15967
3.14209,0.825195,1.49048,2.79541,2.76733,0.792236,1.75049,1.16089
3.14697,0.825195,1.50391,2.80151,2.78442,0.845947,1.7749,1.16211
3.15552,0.825195,1.51978,2.80762,2.80029,0.895996,1.7981,1.16455
3.16772,0.826416,1.53564,2.81616,2.8186,0.943604,1.82251,1.16577
3.17261,0.826416,1.55396,2.82471,2.83691,0.98877,1.8457,1.16699
3.18359,0.826416,1.57227,2.83691,2.86011,1.03271,1.86523,1.16821
3.19458,0.826416,1.59302,2.84424,2.8772,1.07666,1.88477,1.17065
3.21045,0.827637,1.61255,2.85522,2.89673,1.11938,1.90186,1.17188
3.22266,0.827637,1.63452,2.86743,2.91748,1.16211,1.91772,1.1731
3.2373,0.827637,1.65771,2.87964,2.93945,1.20361,1.93359,1.17432
3.25439,0.828857,1.68213,2.89551,2.96387,1.24268,1.94946,1.17676
3.27271,0.830078,1.70654,2.91138,2.98584,1.27808,1.96411,1.17798
3.29102,0.83252,1.7334,2.92847,3.01025,1.31104,1.9812,1.18042
3.31055,0.831299,1.7627,2.94922,3.03711,1.34521,1.99829,1.18164
3.33374,0.83252,1.79443,2.97241,3.05786,1.37329,2.01538,1.18286
3.35449,0.83374,1.82739,2.99805,3.08594,1.40259,2.03613,1.1853
3.37891,0.834961,1.86157,3.0249,3.11157,1.42944,2.05566,1.18774
3.40454,0.836182,1.89819,3.05176,3.13477,1.45264,2.07642,1.18896
3.43018,0.838623,1.93481,3.08105,3.16162,1.47705,2.09961,1.19141
3.45459,0.839844,1.97144,3.11035,3.18726,1.49658,2.12402,1.19263
3.48267,0.842285,2.00806,3.13965,3.21167,1.51367,2.14355,1.19507
3.50952,0.843506,2.0459,3.17139,3.24097,1.53198,2.16919,1.19629
3.5376,0.844727,2.08252,3.2019,3.26782,1.54907,2.1936,1.19751
3.56445,0.847168,2.11914,3.2312,3.2959,1.56738,2.21924,1.19995
3.59131,0.849609,2.15454,3.2605,3.32275,1.58447,2.24243,1.20239
3.61938,0.852051,2.18994,3.28979,3.34839,1.60034,2.2644,1.20361
3.64746,0.854492,2.22412,3.31787,3.37524,1.61499,2.28516,1.20483
3.6731,0.856934,2.25708,3.34595,3.40088,1.62964,2.30591,1.20728
3.69873,0.859375,2.28882,3.3728,3.42773,1.64429,2.32422,1.2085
3.72559,0.863037,2.32056,3.39966,3.44849,1.65527,2.34131,1.20972
3.75244,0.865479,2.35229,3.42773,3.47168,1.6687,2.36084,1.21216
3.77563,0.869141,2.38403,3.45459,3.49365,1.68091,2.38647,1.21582
3.80249,0.871582,2.41943,3.48389,3.51685,1.69067,2.41455,1.21582
3.82568,0.875244,2.44873,3.51196,3.53882,1.70044,2.44995,1.21826
3.84766,0.878906,2.48047,3.53882,3.55957,1.70898,2.48901,1.21948
3.87085,0.881348,2.51221,3.56567,3.5791,1.71753,2.52563,1.2207
3.8916,0.88623,2.54272,3.59131,3.59985,1.72607,2.56348,1.22314
3.91602,0.889893,2.5769,3.61694,3.61816,1.73462,2.59644,1.22559
3.93188,0.893555,2.60254,3.64258,3.64014,1.74438,2.62695,1.22681
3.95386,0.897217,2.63306,3.66699,3.65601,1.75049,2.65625,1.22925
3.97461,0.9021,2.66479,3.68896,3.6731,1.75659,2.68066,1.23047
3.99048,0.905762,2.68799,3.71216,3.69263,1.76392,2.70386,1.23169
4.00879,0.910645,2.71484,3.73535,3.70972,1.7688,2.72461,1.23413
4.0271,0.915527,2.73926,3.75488,3.72192,1.77612,2.74414,1.23535
4.04419,0.92041,2.76489,3.77686,3.73901,1.78467,2.76611,1.23779
4.05884,0.924072,2.78687,3.79517,3.75244,1.79199,2.78564,1.24023
4.07593,0.928955,2.81128,3.8147,3.76587,1.7981,2.80273,1.24023
4.09058,0.935059,2.83325,3.83423,3.78052,1.80542,2.82349,1.24268
4.10645,0.939941,2.85522,3.85376,3.79395,1.81152,2.84058,1.2439
4.11865,0.944824,2.87476,3.86963,3.80493,1.81763,2.85645,1.24512
4.13086,0.950928,2.89429,3.8855,3.81836,1.82617,2.87598,1.24878
4.14673,0.957031,2.91504,3.90381,3.82935,1.83105,2.8894,1.24878
4.15894,0.961914,2.93457,3.9209,3.84155,1.83716,2.90527,1.25122
4.17114,0.968018,2.95288,3.93799,3.85254,1.84082,2.92114,1.25244
4.18091,0.974121,2.96997,3.95508,3.86597,1.84326,2.93579,1.25488
4.19312,0.981445,2.98828,3.96851,3.87207,1.84692,2.95044,1.2561
4.20288,0.987549,3.00293,3.98193,3.88062,1.84814,2.96631,1.25854
4.21875,0.993652,3.02368,3.99902,3.88916,1.85059,2.97974,1.25977
4.22607,0.999756,3.03833,4.01489,3.89893,1.85181,2.99316,1.26099
4.23584,1.00586,3.05298,4.02832,3.90747,1.85425,3.00659,1.26221
4.24194,1.01318,3.06763,4.04297,3.91724,1.86035,3.02124,1.26465
4.25781,1.02051,3.08472,4.0564,3.92456,1.86279,3.03467,1.26587
4.26147,1.02783,3.09692,4.0686,3.93066,1.86646,3.04688,1.26709
4.2688,1.03638,3.11035,4.08081,3.93921,1.87134,3.06274,1.27075
4.27734,1.04248,3.125,4.09424,3.94897,1.87378,3.07373,1.27075
4.28711,1.0498,3.14209,4.10645,3.95386,1.87744,3.08716,1.27319
4.29321,1.05835,3.14941,4.11743,3.96118,1.87866,3.10059,1.27441
4.29932,1.06567,3.16162,4.13086,3.97217,1.87988,3.11401,1.27563
4.30786,1.07422,3.17383,4.14063,3.97461,1.88232,3.12988,1.27808
4.31641,1.08154,3.18848,4.15039,3.98071,1.88477,3.14209,1.2793
4.31885,1.09009,3.1958,4.16016,3.98804,1.89087,3.15552,1.28052
4.32617,1.09985,3.20557,4.16748,3.99048,1.89087,3.16772,1.28296
4.33228,1.10718,3.21655,4.17847,3.9978,1.89575,3.17993,1.28418
4.33838,1.11572,3.2251,4.18579,4.00269,1.89697,3.1897,1.2854
4.34326,1.12427,3.23608,4.19922,4.01001,1.90063,3.2019,1.28662
4.35059,1.13281,3.24463,4.20532,4.01611,1.90308,3.21289,1.28906
4.35425,1.14258,3.25317,4.21021,4.01855,1.90308,3.22144,1.29028
4.36157,1.1499,3.26172,4.21997,4.02466,1.90674,3.2312,1.2915
4.36646,1.15967,3.27026,4.22852,4.03076,1.9104,3.24219,1.29395
4.37134,1.16821,3.27881,4.23584,4.03564,1.91284,3.25317,1.29517
4.375,1.17798,3.28613,4.24194,4.04053,1.91406,3.26294,1.29639
4.37988,1.18774,3.29346,4.24927,4.04541,1.91528,3.27271,1.29761
4.38354,1.19629,3.30078,4.25537,4.04907,1.9165,3.28369,1.30005
4.38843,1.20483,3.30811,4.2627,4.05396,1.9165,3.29224,1.30127
4.39209,1.21582,3.31421,4.2688,4.05884,1.91895,3.30444,1.30249
4.39331,1.22437,3.32031,4.27368,4.0625,1.92139,3.31421,1.30493
4.39941,1.23535,3.32642,4.27979,4.06738,1.92261,3.32642,1.30615
4.40308,1.2439,3.33374,4.28711,4.07227,1.92505,3.33618,1.30737
4.4043,1.25488,3.33862,4.28955,4.07471,1.92627,3.34961,1.30859
4.4104,1.26343,3.34595,4.2981,4.07959,1.92871,3.35815,1.31104
4.41162,1.27441,3.34961,4.30054,4.08203,1.92993,3.37158,1.31226
4.42139,1.28418,3.35693,4.30664,4.08569,1.93115,3.38013,1.31348
4.42017,1.29517,3.36426,4.31519,4.08813,1.93115,3.38989,1.3147
4.42383,1.30493,3.36792,4.31763,4.09302,1.93237,3.39966,1.31714
4.42627,1.3147,3.3728,4.32007,4.09424,1.93237,3.40698,1.31714
4.42993,1.32568,3.37891,4.32617,4.09912,1.93481,3.41797,1.31958
4.43115,1.33667,3.38135,4.32739,4.09912,1.93481,3.42651,1.32202
4.43481,1.34644,3.38745,4.3335,4.104,1.93726,3.43506,1.32202
4.43848,1.3562,3.39233,4.33716,4.10767,1.93848,3.44238,1.32446
4.44214,1.36597,3.396,4.34082,4.10889,1.93848,3.44849,1.32446
4.4458,1.37817,3.4021,4.34448,4.11133,1.9397,3.45825,1.3269
4.44702,1.38794,3.4082,4.34814,4.11377,1.9397,3.46558,1.32813
4.44946,1.39771,3.40942,4.35303,4.11743,1.94092,3.47168,1.32935
4.4519,1.40869,3.41309,4.35669,4.11987,1.94092,3.48022,1.33057
4.45435,1.41968,3.41797,4.36035,4.12354,1.94214,3.48999,1.33301
4.45557,1.43066,3.42163,4.36279,4.12476,1.94214,3.49854,1.33423
4.45923,1.44165,3.42529,4.36646,4.1272,1.94214,3.5083,1.33545
4.46045,1.45264,3.43018,4.37134,4.13086,1.94214,3.51807,1.33667
4.46167,1.4624,3.43384,4.375,4.13574,1.94214,3.52661,1.33789
4.46533,1.47339,3.43994,4.38232,4.1333,1.94214,3.53516,1.34033
4.46655,1.4856,3.44116,4.37866,4.13452,1.94214,3.5437,1.34033
4.47021,1.49536,3.44727,4.38354,4.1394,1.94336,3.55591,1.34277
4.47266,1.50635,3.45093,4.38721,4.14185,1.94458,3.56567,1.34399
4.4751,1.51733,3.45581,4.38843,4.14307,1.94458,3.57544,1.34521
4.4751,1.52832,3.45825,4.39209,4.14551,1.94458,3.58521,1.34644
4.47632,1.53931,3.46313,4.39697,4.14917,1.94458,3.59497,1.34766
4.47998,1.55029,3.47046,4.39697,4.14917,1.94458,3.60474,1.3501
4.47998,1.5625,3.46924,4.39941,4.15039,1.94214,3.61328,1.3501
4.48364,1.57227,3.47412,4.4043,4.15527,1.94214,3.62305,1.35254
4.48486,1.58325,3.47656,4.4043,4.15405,1.94092,3.63037,1.35254
4.48486,1.59424,3.479,4.40674,4.15649,1.94092,3.64258,1.3562
4.4873,1.60645,3.48389,4.4104,4.16016,1.94214,3.6499,1.3562
4.48853,1.61743,3.48755,4.41284,4.16138,1.94214,3.65845,1.35742
4.48975,1.62842,3.48999,4.41284,4.16016,1.94214,3.66455,1.35864
4.49097,1.63818,3.49365,4.41895,4.16992,1.94214,3.67188,1.35986
4.49463,1.65039,3.49731,4.42017,4.16626,1.94458,3.68042,1.36108
4.49585,1.66016,3.49976,4.42139,4.16626,1.94336,3.6853,1.3623
4.49707,1.67114,3.50342,4.42261,4.16748,1.94458,3.69263,1.36353
4.49951,1.68335,3.5083,4.42749,4.16992,1.94458,3.70117,1.36475
4.49951,1.69434,3.51074,4.42627,4.17114,1.9458,3.7085,1.36597
4.49951,1.70532,3.51074,4.42871,4.1748,1.94702,3.7146,1.36719
4.50073,1.71631,3.51196,4.42993,4.17358,1.94824,3.72559,1.36841
4.50195,1.72729,3.51563,4.42993,4.17358,1.94824,3.72681,1.37207
4.50439,1.73828,3.51929,4.43359,4.17603,1.94824,3.73047,1.37085
4.50562,1.74927,3.52173,4.43604,4.17847,1.94824,3.73779,1.37329
4.51172,1.76025,3.52417,4.43726,4.17969,1.94824,3.74268,1.37451
4.50806,1.77124,3.52539,4.43848,4.17969,1.94702,3.74634,1.37451
4.50806,1.78223,3.52661,4.4397,4.18091,1.94702,3.75488,1.37817
4.5105,1.79321,3.53149,4.44336,4.18457,1.94702,3.75854,1.37817
4.51294,1.80298,3.53394,4.44458,4.18579,1.94702,3.76221,1.37939
4.51294,1.81519,3.53638,4.44702,4.18701,1.94824,3.76709,1.38062
4.51294,1.82617,3.5376,4.44702,4.18701,1.94946,3.77197,1.38184
4.51416,1.83716,3.53882,4.44702,4.18701,1.94946,3.77441,1.38306
4.51416,1.85059,3.54004,4.44824,4.18823,1.94946,3.7793,1.38428
4.5166,1.85791,3.5437,4.4519,4.19189,1.9519,3.78418,1.3855
4.52026,1.87012,3.54492,4.4519,4.19189,1.9519,3.78906,1.38672
4.51782,1.87988,3.54736,4.45801,4.19312,1.95313,3.7915,1.38794
4.5166,1.89087,3.54736,4.45435,4.19556,1.95435,3.79517,1.38916
4.52026,1.90186,3.5498,4.45679,4.19678,1.95313,3.79883,1.39038
4.51904,1.91162,3.5498,4.45557,4.19556,1.95313,3.80371,1.39282
4.52026,1.92261,3.55225,4.45801,4.19922,1.9519,3.80493,1.39282
4.52026,1.93359,3.55225,4.45801,4.19922,1.95068,3.81104,1.39404
4.52393,1.94336,3.55713,4.46167,4.20166,1.9519,3.81226,1.39526
4.52393,1.95435,3.55835,4.46289,4.20166,1.9519,3.81592,1.39648
4.52271,1.96411,3.55713,4.46167,4.20044,1.95068,3.8208,1.39893
4.52515,1.9751,3.55957,4.46411,4.20288,1.95068,3.82324,1.39893
4.52515,1.98486,3.56201,4.46777,4.20532,1.95068,3.8269,1.40015
4.52759,1.99585,3.56323,4.46655,4.20532,1.95068,3.83179,1.40137
4.52759,2.00562,3.56323,4.46533,4.2041,1.94946,3.83423,1.40137
4.52759,2.0166,3.56445,4.46655,4.2041,1.94824,3.83789,1.40259
4.52881,2.02637,3.56689,4.46899,4.20776,1.94946,3.84277,1.40381
4.53247,2.03613,3.56812,4.47021,4.20776,1.94946,3.84521,1.40503
4.53125,2.0459,3.57422,4.47021,4.20776,1.94946,3.84888,1.40625
4.53125,2.05566,3.57178,4.47754,4.20898,1.94946,3.85254,1.40747
4.53125,2.06543,3.57178,4.4751,4.21631,1.94946,3.85498,1.40869
4.53369,2.0752,3.57422,4.4751,4.21143,1.94946,3.85864,1.40869
4.53369,2.08496,3.57544,4.4812,4.21143,1.94946,3.86108,1.41113
4.53491,2.09473,3.57544,4.47632,4.21265,1.95068,3.86475,1.41235
4.53735,2.10449,3.57544,4.47632,4.21265,1.95068,3.86841,1.41357
4.53491,2.11426,3.57788,4.47754,4.21387,1.95068,3.87085,1.41357
4.53491,2.12402,3.5791,4.47876,4.21509,1.95068,3.87451,1.41479
4.53491,2.13379,3.5791,4.47876,4.21509,1.94946,3.87695,1.41602
4.53735,2.14233,3.58154,4.47998,4.21631,1.94946,3.87939,1.41724
4.54102,2.1521,3.58154,4.47998,4.21509,1.94824,3.88306,1.41846
4.53735,2.16064,3.58276,4.4812,4.21753,1.94824,3.8855,1.41968
4.53857,2.16919,3.58398,4.4812,4.21631,1.94702,3.8855,1.41968
4.53613,2.17896,3.58276,4.4812,4.21875,1.94824,3.89526,1.4209
4.53735,2.18872,3.58398,4.4812,4.21631,1.94702,3.89404,1.42334
4.53857,2.19727,3.58765,4.4873,4.21753,1.94824,3.89526,1.42334
4.53735,2.20703,3.58643,4.48364,4.22119,1.95068,3.89771,1.42456
4.53979,2.2168,3.58765,4.48364,4.21753,1.94702,3.90015,1.42578
4.54102,2.22412,3.59009,4.48608,4.22119,1.94702,3.90503,1.427
4.54224,2.23267,3.59131,4.48608,4.22119,1.9458,3.90747,1.427
4.54102,2.24243,3.59131,4.4873,4.22241,1.9458,3.91235,1.42822
4.53979,2.25342,3.59131,4.48608,4.21997,1.94458,3.91602,1.43066
4.54102,2.26074,3.59253,4.48608,4.21997,1.94336,3.91724,1.43066
4.54224,2.26807,3.59375,4.48853,4.22241,1.94336,3.92212,1.43188
4.54224,2.27661,3.59619,4.48975,4.22363,1.94336,3.92578,1.43188
4.54468,2.28516,3.59619,4.48975,4.22363,1.94336,3.92822,1.43311
4.54346,2.29248,3.59741,4.48975,4.22363,1.94214,3.92944,1.43311
4.54468,2.30103,3.59863,4.49097,4.22485,1.94214,3.93188,1.43433
4.54468,2.30957,3.59863,4.49097,4.22485,1.94092,3.93433,1.43555
4.54468,2.31812,3.59985,4.49097,4.22485,1.94092,3.93677,1.43677
4.54468,2.32666,3.59985,4.49097,4.22485,1.94092,3.93921,1.43677
4.54468,2.33521,3.60229,4.49707,4.22607,1.94092,3.94287,1.43921
4.54346,2.34253,3.60107,4.49341,4.22974,1.94214,3.94653,1.43921
4.55078,2.35107,3.60229,4.49341,4.22729,1.94092,3.9502,1.44043
4.5459,2.3584,3.60229,4.49341,4.22607,1.9397,3.95142,1.44165
4.5459,2.36694,3.60474,4.49463,4.22974,1.94092,3.9563,1.44287
4.54712,2.37427,3.60474,4.49341,4.22729,1.9397,3.95752,1.44287
4.5459,2.38403,3.60596,4.49585,4.22974,1.9397,3.9624,1.44531
4.5459,2.39258,3.60596,4.49463,4.22852,1.93848,3.96362,1.44531
4.5459,2.39868,3.60718,4.49829,4.23584,1.93848,3.96729,1.44653
4.54712,2.40601,3.6084,4.49707,4.23096,1.93848,3.97095,1.44775
4.54712,2.41455,3.6084,4.49707,4.23218,1.9397,3.97339,1.44775
4.54712,2.42188,3.6084,4.49707,4.23096,1.9397,3.97583,1.44897
4.54834,2.4292,3.61084,4.50195,4.23096,1.9397,3.97827,1.4502
4.54712,2.43652,3.60962,4.49951,4.23706,1.93848,3.98071,1.4502
4.54712,2.44385,3.60962,4.49829,4.23462,1.94092,3.98438,1.45142
4.54834,2.45239,3.61084,4.49829,4.2334,1.93726,3.98804,1.45264
4.54712,2.4585,3.61084,4.49951,4.23828,1.93726,3.99048,1.45264
4.54712,2.46582,3.61084,4.49707,4.23218,1.93604,3.99536,1.45386
4.54834,2.47681,3.61206,4.49707,4.23218,1.93359,3.99536,1.45508
4.55078,2.48047,3.6145,4.50073,4.23462,1.93359,3.9978,1.45508
4.54834,2.48779,3.61328,4.49829,4.2334,1.93359,4.00269,1.4563
4.55078,2.4939,3.6145,4.49951,4.2334,1.93115,4.00269,1.4563
4.54834,2.50244,3.6145,4.50195,4.23828,1.93115,4.00635,1.45752
4.55078,2.50977,3.61572,4.50073,4.23462,1.93115,4.00879,1.45874
4.55078,2.51587,3.61694,4.50195,4.23584,1.93115,4.01123,1.45996
4.54956,2.52319,3.6145,4.49829,4.2334,1.92993,4.01367,1.46118
4.55322,2.53052,3.61694,4.50073,4.23584,1.92993,4.01367,1.46118
4.552,2.5354,3.61816,4.50195,4.23584,1.92993,4.01489,1.46118
4.54956,2.54272,3.61572,4.49951,4.23462,1.92993,4.01978,1.46362
4.54956,2.54883,3.61572,4.49951,4.23462,1.92993,4.021,1.46484
4.552,2.55493,3.61816,4.50073,4.23584,1.92993,4.01978,1.46362
4.552,2.56226,3.61816,4.50195,4.23828,1.93115,4.02466,1.46484
4.55078,2.56836,3.61694,4.50195,4.23828,1.93359,4.02466,1.46606
4.55078,2.5769,3.61816,4.50073,4.23584,1.92993,4.02832,1.46729
4.55444,2.58179,3.61938,4.50195,4.23828,1.92993,4.02832,1.46729
4.55322,2.58667,3.62061,4.50317,4.23828,1.92993,4.02954,1.46729
4.55322,2.59399,3.62061,4.50439,4.2395,1.92993,4.03198,1.46851
4.55322,2.59888,3.62061,4.50439,4.23828,1.92871,4.03198,1.46973
4.55078,2.60498,3.61938,4.50439,4.24072,1.92993,4.03442,1.46973
4.55322,2.6123,3.62061,4.50439,4.2395,1.92871,4.03687,1.47095
4.55322,2.61841,3.62061,4.50439,4.2395,1.92749,4.03809,1.47217
4.55811,2.62329,3.62061,4.50439,4.2395,1.92627,4.03931,1.47217
4.55444,2.62817,3.62183,4.50439,4.2395,1.92627,4.03931,1.47217
4.55444,2.63428,3.62305,4.50562,4.2395,1.92627,4.04053,1.47339
4.55444,2.63916,3.62305,4.50562,4.2395,1.92627,4.04175,1.47339
4.55322,2.64648,3.62183,4.50439,4.24072,1.92749,4.04419,1.47583
4.55322,2.65259,3.62305,4.50562,4.24072,1.92749,4.04541,1.47583
4.552,2.65747,3.62183,4.50317,4.2395,1.92749,4.04785,1.47827
4.55444,2.66357,3.62305,4.50439,4.24072,1.92749,4.04785,1.47705
4.55811,2.66968,3.62305,4.50562,4.2395,1.92749,4.04907,1.47827
4.55444,2.67212,3.62427,4.50562,4.24072,1.92627,4.04907,1.47827
4.55444,2.67822,3.62305,4.50439,4.2395,1.92627,4.04907,1.47827
4.55444,2.68311,3.62427,4.50562,4.24072,1.92627,4.05029,1.47949
4.55444,2.68921,3.62427,4.50684,4.24194,1.92627,4.05273,1.48071
4.55322,2.69531,3.62305,4.50439,4.2395,1.92505,4.05396,1.48315
4.55322,2.7002,3.62427,4.50806,4.24194,1.92505,4.05518,1.48193
4.55444,2.70386,3.62427,4.50562,4.24072,1.92505,4.05396,1.48193
4.552,2.70996,3.62305,4.50562,4.24194,1.92627,4.06128,1.48315
4.552,2.71484,3.62427,4.50562,4.24194,1.92627,4.06128,1.48438
4.55444,2.72095,3.62549,4.50684,4.24316,1.92505,4.06128,1.4856
4.55566,2.72461,3.62671,4.50806,4.24316,1.92505,4.06128,1.4856
4.55322,2.72949,3.62549,4.50806,4.24805,1.92505,4.0625,1.4856
4.55322,2.73682,3.62427,4.50562,4.24072,1.92383,4.06372,1.48682
4.55566,2.73926,3.62793,4.5105,4.24194,1.92383,4.06494,1.48804
4.55566,2.74414,3.62671,4.50806,4.24316,1.92383,4.06616,1.48804
4.55566,2.74902,3.62671,4.50806,4.24438,1.92261,4.0686,1.48926
4.55444,2.75391,3.62549,4.50562,4.24072,1.92139,4.06738,1.48926
4.55566,2.75879,3.62671,4.50806,4.24316,1.92139,4.07104,1.49048
4.55811,2.76367,3.62671,4.50806,4.24316,1.92139,4.07104,1.49048
4.55322,2.76733,3.62549,4.50684,4.24316,1.92017,4.07471,1.4917
4.55444,2.77222,3.62671,4.50806,4.24316,1.92017,4.07471,1.49292
4.55322,2.7771,3.62549,4.50684,4.24194,1.91895,4.07471,1.49414
4.55322,2.78076,3.62549,4.50806,4.24438,1.92017,4.07593,1.49292
4.55566,2.78564,3.62793,4.50928,4.24438,1.91772,4.07837,1.49414
4.55566,2.78809,3.62793,4.50928,4.24316,1.91772,4.07837,1.49414
4.55566,2.79419,3.62793,4.50806,4.24438,1.9165,4.08081,1.49536
4.55566,2.79907,3.62793,4.50806,4.24316,1.9165,4.08203,1.49536
4.56055,2.80273,3.62793,4.50806,4.24316,1.9165,4.08203,1.49658
4.55566,2.8064,3.62793,4.50928,4.24438,1.9165,4.08325,1.4978
4.55688,2.80884,3.62793,4.50928,4.24316,1.9165,4.08203,1.49658
4.55566,2.81372,3.62793,4.50806,4.24194,1.91528,4.08203,1.4978
4.55688,2.81738,3.62793,4.50928,4.24316,1.91528,4.08447,1.4978
4.55566,2.82227,3.62915,4.5105,4.24316,1.91528,4.08569,1.49902
4.55444,2.82593,3.62671,4.50684,4.24194,1.91406,4.08813,1.50146
4.55566,2.83081,3.62793,4.50928,4.24438,1.91406,4.08936,1.50024
4.55444,2.83691,3.62671,4.50806,4.24194,1.91162,4.08813,1.50146
4.55444,2.83813,3.62793,4.51172,4.24683,1.91162,4.09058,1.50146
4.55322,2.8418,3.62793,4.50928,4.24561,1.9104,4.0918,1.50146
4.55566,2.84546,3.62793,4.50928,4.24316,1.9104,4.09302,1.50269
4.55322,2.84912,3.62671,4.50806,4.24316,1.9104,4.09912,1.50269
4.55322,2.85278,3.62671,4.50806,4.24316,1.9104,4.09668,1.50391
4.56055,2.85767,3.62915,4.50928,4.24316,1.90796,4.09546,1.50513
4.55688,2.85889,3.62915,4.5105,4.24316,1.90796,4.09546,1.50513
4.55688,2.86255,3.62915,4.5105,4.24316,1.90674,4.09668,1.50513
4.56055,2.86743,3.62793,4.50928,4.24316,1.90674,4.0979,1.50635
4.55566,2.87109,3.62793,4.50928,4.24316,1.90674,4.09912,1.50757
4.55566,2.87354,3.62793,4.50806,4.24194,1.90552,4.0979,1.50635
4.55566,2.87842,3.62915,4.5105,4.24316,1.90674,4.10156,1.50757
4.55566,2.88086,3.62915,4.51416,4.24194,1.90552,4.10034,1.50879
4.55444,2.88574,3.62671,4.50806,4.24072,1.90552,4.10156,1.50879
4.55444,2.8894,3.62671,4.50806,4.24072,1.90552,4.10156,1.51001
4.55322,2.89063,3.62793,4.50928,4.24438,1.90918,4.10278,1.51001
4.55566,2.89307,3.62793,4.50928,4.24194,1.90552,4.10156,1.51001
4.55933,2.89795,3.62793,4.50928,4.24316,1.90674,4.104,1.51123
4.55566,2.90161,3.62915,4.5105,4.24316,1.90674,4.10522,1.51245
4.55688,2.90405,3.63281,4.5105,4.24316,1.90552,4.10522,1.51245
4.55566,2.90649,3.62793,4.50928,4.24194,1.9043,4.104,1.51245
4.55566,2.91016,3.62915,4.5105,4.24438,1.9043,4.10645,1.51367
4.55444,2.91382,3.62915,4.51294,4.24683,1.9043,4.10645,1.51367
4.55811,2.91626,3.63159,4.50928,4.24316,1.9043,4.10767,1.51489
4.55444,2.92236,3.62671,4.50806,4.24072,1.90308,4.10645,1.51489
4.55566,2.92236,3.62915,4.51416,4.24316,1.9043,4.10767,1.51489
4.55444,2.92847,3.62671,4.50806,4.24194,1.9043,4.10767,1.51611
4.55566,2.92847,3.62793,4.50928,4.24194,1.9043,4.10645,1.51611
4.55688,2.92969,3.62915,4.5105,4.24316,1.9043,4.10767,1.51611
4.55444,2.93335,3.62671,4.50806,4.24316,1.9043,4.11377,1.51733
4.55444,2.93701,3.62793,4.51172,4.24805,1.90308,4.11011,1.51733
4.55566,2.94067,3.62793,4.5105,4.24438,1.90308,4.11133,1.51855
4.55566,2.94312,3.62793,4.5105,4.24438,1.90186,4.11255,1.51855
4.55566,2.94556,3.62793,4.50806,4.24194,1.90063,4.11133,1.51855
4.55444,2.948,3.62671,4.50806,4.24194,1.90063,4.11255,1.521
4.55688,2.94922,3.62915,4.5105,4.24438,1.90063,4.11255,1.51978
4.55566,2.9541,3.62793,4.50928,4.24194,1.89941,4.11255,1.51978
4.55811,2.95654,3.63159,4.5105,4.24438,1.89941,4.11499,1.521
4.55566,2.95776,3.62915,4.51172,4.24561,1.89941,4.11743,1.521
4.55688,2.96021,3.62793,4.5105,4.24438,1.89941,4.11499,1.521
4.55566,2.96509,3.62671,4.50806,4.24316,1.89819,4.11621,1.52222
4.55566,2.96753,3.62793,4.5105,4.24438,1.89941,4.11865,1.52344
4.55688,2.96753,3.62915,4.5105,4.24561,1.89941,4.11865,1.52344
4.55688,2.97119,3.62793,4.5105,4.24438,1.89819,4.11865,1.52344
4.55444,2.97363,3.62671,4.50806,4.24438,1.89819,4.12231,1.52588
4.55688,2.97607,3.62915,4.5105,4.24561,1.89819,4.12109,1.52466
4.55444,2.98096,3.62671,4.50806,4.24438,1.89697,4.12231,1.52588
4.55566,2.98218,3.62793,4.5105,4.24683,1.89697,4.12476,1.52588
4.55688,2.9834,3.62793,4.5105,4.24561,1.89697,4.12354,1.52588
4.55444,2.9895,3.62671,4.50806,4.24438,1.89453,4.12476,1.5271
4.55444,2.99072,3.62671,4.50806,4.24438,1.89453,4.12598,1.5271
4.55566,2.99194,3.62671,4.50806,4.24438,1.89453,4.12598,1.5271
4.55566,2.99438,3.62671,4.50806,4.24438,1.89453,4.12598,1.52832
4.55566,2.99683,3.62671,4.5105,4.24561,1.89453,4.12964,1.52832
4.55688,2.99683,3.62793,4.5105,4.24561,1.89331,4.12842,1.52832
4.55688,2.99927,3.62793,4.5105,4.24561,1.89331,4.12842,1.52832
4.55444,3.00415,3.62549,4.50806,4.24438,1.89331,4.13086,1.53076
4.55566,3.00537,3.62671,4.5105,4.24561,1.89331,4.13208,1.53076
4.55444,3.00659,3.62549,4.50806,4.24438,1.89331,4.1333,1.53198
4.55322,3.00903,3.62549,4.50928,4.24561,1.89453,4.13208,1.53076
4.55566,3.0127,3.62671,4.5105,4.24561,1.89331,4.1333,1.53198
4.55566,3.01392,3.62671,4.50928,4.24561,1.89331,4.1333,1.53198
4.55688,3.01514,3.62671,4.5105,4.24561,1.89331,4.1333,1.53198
4.55688,3.01636,3.62671,4.5105,4.24561,1.89209,4.1333,1.53198
4.55688,3.0188,3.62671,4.5105,4.24561,1.89209,4.1333,1.5332
4.55566,3.02246,3.62549,4.5105,4.24561,1.89209,4.13574,1.53442
4.55688,3.02246,3.62671,4.50928,4.24438,1.89087,4.1333,1.5332
4.55688,3.0249,3.62671,4.5105,4.24438,1.89087,4.13452,1.5332
4.55566,3.02856,3.62549,4.50806,4.24316,1.88965,4.13452,1.53442
4.55566,3.02979,3.62671,4.5105,4.24561,1.89087,4.13696,1.53564
4.55566,3.03223,3.62549,4.5105,4.24561,1.89087,4.13818,1.53564
4.55444,3.03467,3.62549,4.50806,4.24194,1.88965,4.13574,1.53564
4.55566,3.03711,3.62793,4.5105,4.24438,1.89087,4.13818,1.53687
4.55444,3.04199,3.62427,4.50806,4.24194,1.88965,4.13818,1.53687
4.55688,3.03833,3.62671,4.5105,4.24438,1.88965,4.13818,1.53687
4.55566,3.04199,3.62671,4.5105,4.24438,1.89087,4.14063,1.53809
4.55688,3.04199,3.62671,4.5105,4.24316,1.88965,4.1394,1.53687
4.55322,3.04565,3.62427,4.50806,4.24316,1.89087,4.14551,1.53809
4.55322,3.04688,3.62549,4.50928,4.24561,1.89209,4.14307,1.53931
4.55444,3.05054,3.62427,4.50806,4.24194,1.88843,4.14429,1.54053
4.55566,3.05176,3.62549,4.50928,4.24316,1.88843,4.14551,1.53931
4.55688,3.05176,3.62671,4.5105,4.24316,1.88721,4.14551,1.53931
4.55444,3.0542,3.62427,4.50806,4.24194,1.88721,4.14795,1.54175
4.55322,3.05664,3.62427,4.50806,4.24194,1.88721,4.15161,1.54175
4.55566,3.05786,3.62671,4.50928,4.24194,1.88599,4.14795,1.54053
4.55444,3.06152,3.62549,4.50806,4.24072,1.88477,4.14917,1.54175
4.55322,3.06152,3.62549,4.51172,4.24561,1.88721,4.15039,1.54175
4.55566,3.06396,3.62671,4.50928,4.24316,1.88477,4.15283,1.54297
4.55444,3.06519,3.62549,4.50806,4.24072,1.88232,4.15283,1.54297
4.55444,3.06641,3.62427,4.50806,4.24072,1.88232,4.15527,1.54419
4.55444,3.06885,3.62549,4.50806,4.24072,1.88232,4.15283,1.54297
4.55322,3.07007,3.62427,4.50806,4.24316,1.88354,4.15894,1.54419
4.55444,3.07251,3.62549,4.50806,4.24072,1.88232,4.15405,1.54419
4.55444,3.07251,3.62549,4.51172,4.24683,1.88354,4.15527,1.54419
4.55566,3.07495,3.62793,4.5105,4.24316,1.88232,4.15649,1.54541
4.55444,3.07617,3.62671,4.51416,4.24316,1.88232,4.15649,1.54541
4.55322,3.07739,3.62427,4.50928,4.24438,1.88477,4.15649,1.54541
4.55566,3.07861,3.62671,4.5105,4.24438,1.88232,4.15771,1.54541
4.55322,3.07983,3.62427,4.50806,4.24316,1.88232,4.1626,1.54663
4.55322,3.08228,3.62427,4.50928,4.24561,1.88354,4.15894,1.54663
4.55688,3.08228,3.62671,4.5105,4.24438,1.88232,4.15894,1.54663
4.55566,3.08594,3.62549,4.50928,4.24438,1.88232,4.16016,1.54785
4.56055,3.08716,3.62671,4.50928,4.24438,1.88232,4.16016,1.54785
4.55566,3.08838,3.62549,4.50928,4.24438,1.88232,4.16138,1.54907
4.55566,3.09082,3.62549,4.50928,4.24438,1.88232,4.1626,1.54907
4.56055,3.09204,3.62427,4.50928,4.24438,1.88232,4.1626,1.54907
4.55444,3.09326,3.62427,4.50928,4.24438,1.8811,4.16382,1.54907
4.55322,3.09326,3.62427,4.50928,4.24561,1.88354,4.16382,1.54907
4.55566,3.09448,3.62549,4.50928,4.24438,1.87866,4.1626,1.54907
4.55566,3.09692,3.62549,4.5105,4.24561,1.87988,4.16626,1.55029
4.55566,3.09814,3.62549,4.5105,4.24561,1.87988,4.16626,1.55029
4.55322,3.09937,3.62305,4.50806,4.24438,1.87988,4.16992,1.55029
4.55688,3.09937,3.62549,4.5105,4.24561,1.87988,4.16626,1.55029
4.55688,3.10059,3.62549,4.50928,4.24438,1.87988,4.16626,1.55029
4.55566,3.10303,3.62549,4.50928,4.24561,1.87988,4.16748,1.55151
4.55688,3.10425,3.62549,4.50928,4.24438,1.87866,4.16626,1.55151
4.55566,3.10547,3.62549,4.50928,4.24561,1.87988,4.16748,1.55151
4.55688,3.10669,3.62549,4.50928,4.24438,1.87988,4.16748,1.55273
4.55444,3.11035,3.62305,4.50806,4.24316,1.87866,4.16748,1.55273
4.56055,3.11157,3.62427,4.50806,4.24438,1.87988,4.16992,1.55396
4.55566,3.11035,3.62427,4.50928,4.24561,1.87866,4.16992,1.55273
4.55444,3.11279,3.62305,4.50806,4.24316,1.87744,4.16992,1.55396
4.55444,3.11523,3.62305,4.50806,4.24316,1.87744,4.16992,1.55396
4.55444,3.11646,3.62305,4.50928,4.24438,1.87744,4.17358,1.55518
4.55444,3.11646,3.62183,4.50684,4.24316,1.87622,4.1748,1.5564
4.55566,3.11646,3.62427,4.50928,4.24561,1.87622,4.17236,1.55518
4.55566,3.11768,3.62427,4.50928,4.24438,1.87378,4.17236,1.55518
4.55444,3.12134,3.62305,4.50806,4.24438,1.875,4.1748,1.5564
4.55322,3.12134,3.62305,4.51172,4.25049,1.875,4.17358,1.5564
4.55566,3.12256,3.62427,4.50928,4.24561,1.87378,4.1748,1.5564
4.55322,3.12378,3.62183,4.50684,4.24316,1.875,4.17603,1.55884
4.55322,3.125,3.62183,4.50684,4.24316,1.875,4.17969,1.55884
4.55566,3.12622,3.62427,4.50928,4.24561,1.87378,4.1748,1.55762
4.55566,3.12744,3.62427,4.50928,4.24561,1.87378,4.17603,1.55762
4.55566,3.12866,3.62427,4.50928,4.24561,1.87378,4.17603,1.55884
4.56055,3.12988,3.62305,4.50806,4.24438,1.87378,4.17603,1.55884
4.55322,3.1311,3.62183,4.50806,4.24438,1.87378,4.17603,1.55884
4.55444,3.13232,3.62305,4.50928,4.24438,1.87378,4.17725,1.56006
4.55566,3.13232,3.62427,4.50928,4.24561,1.87378,4.17725,1.56006
4.56055,3.13477,3.62305,4.50806,4.24438,1.87378,4.17725,1.56006
4.55322,3.13477,3.62183,4.50684,4.24316,1.875,4.17969,1.56128
4.55566,3.13477,3.62427,4.50928,4.24438,1.87378,4.17603,1.56006
4.55566,3.13599,3.62427,4.50928,4.24438,1.87378,4.17603,1.56006
4.55444,3.13843,3.62305,4.50806,4.24438,1.87378,4.17847,1.56128
4.55566,3.13843,3.62427,4.50928,4.24561,1.87378,4.17847,1.56128
4.55444,3.14087,3.62305,4.50928,4.24438,1.87378,4.17969,1.56128
4.56055,3.14209,3.62305,4.50806,4.24438,1.87256,4.17969,1.5625
4.55566,3.14087,3.62427,4.50928,4.24438,1.87256,4.17969,1.5625
4.55566,3.14331,3.62549,4.50806,4.24316,1.87256,4.18091,1.5625
4.55322,3.14453,3.62183,4.50684,4.24316,1.87256,4.18213,1.56494
4.55566,3.14453,3.62305,4.50806,4.24194,1.87134,4.17969,1.5625
4.55566,3.14453,3.62305,4.50806,4.24316,1.87134,4.17969,1.5625
4.55444,3.14697,3.62305,4.50928,4.24438,1.87134,4.18335,1.56494
4.55566,3.14697,3.62427,4.50928,4.24438,1.87134,4.18213,1.56372
4.55444,3.14941,3.62305,4.50928,4.24438,1.87012,4.18335,1.56494
4.55322,3.14941,3.62183,4.50684,4.24438,1.87012,4.18823,1.56494
4.55322,3.15063,3.62061,4.50684,4.24316,1.87012,4.18701,1.56494
4.55444,3.15186,3.62305,4.50928,4.24438,1.8689,4.18335,1.56616
4.55322,3.15308,3.62061,4.50684,4.24194,1.8689,4.18213,1.56738
4.55933,3.1543,3.62183,4.50806,4.24316,1.8689,4.18213,1.56616
4.55566,3.15308,3.62305,4.50928,4.24438,1.8689,4.18091,1.56616
4.55566,3.15552,3.62549,4.50806,4.24316,1.87012,4.18213,1.56738
4.55444,3.15674,3.62183,4.50806,4.24438,1.87012,4.18335,1.56738
4.55322,3.15674,3.62061,4.50684,4.24316,1.87134,4.18823,1.56738
4.55444,3.15918,3.62061,4.50684,4.24194,1.8689,4.18213,1.56738
4.55444,3.15918,3.62183,4.50928,4.24438,1.87012,4.18335,1.5686
4.55444,3.1604,3.62183,4.50806,4.24438,1.87012,4.18335,1.5686
4.55444,3.1604,3.62183,4.50684,4.24194,1.8689,4.18091,1.56738
4.552,3.1604,3.62061,4.50684,4.24438,1.87012,4.18335,1.5686
4.55444,3.16162,3.62183,4.50928,4.24561,1.8689,4.18335,1.5686
4.55322,3.16284,3.62305,4.5105,4.24438,1.8689,4.18335,1.5686
4.55566,3.16284,3.62183,4.50928,4.24438,1.8689,4.18335,1.5686
4.55444,3.16528,3.62183,4.50806,4.24438,1.8689,4.18335,1.56982
4.55322,3.16528,3.61938,4.50684,4.24316,1.86768,4.18457,1.57227
4.55566,3.16528,3.62183,4.50928,4.24561,1.86768,4.18335,1.56982
4.55566,3.16528,3.62183,4.50928,4.24438,1.86646,4.18213,1.56982
4.55566,3.1665,3.62183,4.50928,4.24438,1.86646,4.18335,1.56982
4.55566,3.1665,3.62183,4.50928,4.24438,1.86523,4.18335,1.57104
4.55322,3.16895,3.62061,4.51172,4.24438,1.86523,4.18335,1.57104
4.55444,3.17017,3.62061,4.50806,4.24438,1.86646,4.18457,1.57227
4.55444,3.17139,3.62305,4.5105,4.24438,1.86523,4.18457,1.57227
4.55322,3.17139,3.62061,4.51172,4.24438,1.86523,4.18457,1.57227
4.55566,3.17017,3.62183,4.50928,4.24438,1.86523,4.18457,1.57227
4.55322,3.17261,3.61938,4.50684,4.24316,1.86523,4.18579,1.57349
4.55566,3.17261,3.62183,4.50928,4.24561,1.86523,4.18579,1.57227
4.55566,3.17383,3.62183,4.50928,4.24561,1.86523,4.18579,1.57349
4.55444,3.17505,3.62061,4.50928,4.24561,1.86646,4.18701,1.57349
4.55933,3.17627,3.62061,4.50806,4.24438,1.86523,4.18701,1.57349
4.55444,3.17749,3.62061,4.50928,4.24438,1.86523,4.18701,1.57471
4.55444,3.17749,3.62305,4.50806,4.24438,1.86523,4.18701,1.57471
4.55444,3.17871,3.62061,4.50806,4.24438,1.86523,4.18701,1.57471
4.55566,3.17749,3.62061,4.50928,4.24561,1.86646,4.18701,1.57471
4.55444,3.17993,3.62061,4.50928,4.24438,1.86646,4.18823,1.57471
4.55444,3.17993,3.61938,4.50806,4.24438,1.86646,4.18823,1.57593
4.55566,3.18115,3.62305,4.50806,4.24438,1.86646,4.18701,1.57593
4.55322,3.18115,3.61938,4.50928,4.24805,1.86523,4.18701,1.57593
4.55444,3.18115,3.61938,4.50806,4.24316,1.86401,4.18579,1.57593
4.55444,3.18237,3.61938,4.50806,4.24438,1.86523,4.18945,1.57715
4.55566,3.18237,3.62061,4.50928,4.24438,1.86401,4.18701,1.57593
4.55444,3.18481,3.61938,4.50684,4.24194,1.86279,4.18701,1.57715
4.55566,3.18359,3.62061,4.50928,4.24438,1.86401,4.18945,1.57715
4.55444,3.18481,3.62061,4.50928,4.24438,1.86401,4.19067,1.57715
4.55444,3.18481,3.62061,4.50806,4.24316,1.86157,4.18823,1.57715
4.55444,3.18726,3.62061,4.50806,4.24438,1.86279,4.19067,1.57837
4.55444,3.18726,3.62061,4.50928,4.24438,1.86157,4.19067,1.57837
4.55444,3.18848,3.61938,4.50806,4.24438,1.86157,4.19067,1.57837
4.55444,3.18848,3.62061,4.50928,4.24438,1.86157,4.19067,1.57837
4.55444,3.1897,3.62061,4.5105,4.24316,1.86157,4.19067,1.57837
4.55444,3.1897,3.61938,4.50806,4.24194,1.86157,4.18945,1.57837
4.55322,3.19092,3.62061,4.51172,4.24316,1.86279,4.19067,1.57959
4.552,3.19092,3.61938,4.50806,4.24561,1.86401,4.19067,1.57959
4.55444,3.19214,3.61938,4.50806,4.24316,1.86279,4.19189,1.57959
4.55444,3.19336,3.61938,4.50684,4.24194,1.86279,4.19067,1.57959
4.55566,3.19214,3.62061,4.50928,4.24438,1.86279,4.19189,1.57959
4.55566,3.19214,3.62061,4.50806,4.24316,1.86279,4.19067,1.57959
4.55566,3.19336,3.62061,4.50928,4.24438,1.86279,4.19189,1.58081
4.55322,3.19458,3.61938,4.51172,4.24683,1.86157,4.19189,1.58081
4.552,3.1958,3.61816,4.50806,4.24438,1.86401,4.19189,1.58081
4.55566,3.19458,3.62061,4.50806,4.24316,1.86157,4.19189,1.58081
4.55566,3.19458,3.61938,4.50806,4.24194,1.86035,4.19189,1.58081
4.55566,3.1958,3.62061,4.50806,4.24316,1.86035,4.19189,1.58081
4.55444,3.19824,3.62061,4.5105,4.24316,1.86035,4.19312,1.58203
4.552,3.19824,3.61816,4.50684,4.24316,1.86157,4.19312,1.58203
4.55566,3.19702,3.62061,4.50806,4.24316,1.85913,4.19312,1.58203
4.55322,3.19946,3.61816,4.50684,4.24194,1.85913,4.19922,1.58325
4.55322,3.19946,3.61816,4.50562,4.24194,1.85791,4.19678,1.58447
4.55322,3.2019,3.61816,4.50562,4.24072,1.85791,4.19434,1.58447
4.552,3.20068,3.61816,4.50684,4.24316,1.85913,4.19556,1.58325
4.55566,3.20068,3.61938,4.50806,4.24194,1.85669,4.19434,1.58325
4.55566,3.20068,3.61938,4.50928,4.24316,1.85791,4.19556,1.58325
4.552,3.20313,3.61816,4.50806,4.24438,1.85913,4.19556,1.58447
4.552,3.20313,3.61816,4.50806,4.24438,1.85913,4.19678,1.58447
4.55566,3.20313,3.61938,4.50806,4.24194,1.85669,4.19556,1.58325
4.55933,3.20435,3.61938,4.50806,4.24316,1.85669,4.198,1.58447
4.552,3.20435,3.61816,4.50684,4.24316,1.85791,4.198,1.58447
4.552,3.20557,3.61694,4.50684,4.24194,1.85669,4.20166,1.58447
4.55933,3.20679,3.61938,4.50806,4.24316,1.85669,4.198,1.58569
4.55566,3.20557,3.61938,4.50806,4.24316,1.85669,4.198,1.58569
4.55444,3.20679,3.61816,4.50806,4.24316,1.85669,4.19922,1.58569
4.55322,3.20801,3.61938,4.51172,4.24194,1.85669,4.198,1.58569
4.552,3.20801,3.61694,4.50684,4.24316,1.85791,4.2041,1.58569
4.55566,3.20679,3.61938,4.50806,4.24316,1.85791,4.198,1.58569
4.552,3.20923,3.61694,4.50684,4.24316,1.85791,4.20532,1.58691
4.55566,3.20801,3.61938,4.50806,4.24438,1.85791,4.19922,1.58691
4.55322,3.20923,3.61694,4.50562,4.24194,1.85791,4.20166,1.58936
4.55444,3.20923,3.61938,4.50806,4.24438,1.85791,4.20044,1.58691
4.55566,3.20923,3.61938,4.50806,4.24438,1.85791,4.19922,1.58691
4.55444,3.21167,3.61816,4.50684,4.24316,1.85669,4.19922,1.58691
4.552,3.21167,3.61694,4.50684,4.24561,1.85913,4.20166,1.58813
4.55444,3.21289,3.61816,4.50806,4.24438,1.85791,4.20288,1.58813
4.55688,3.21411,3.61938,4.50684,4.24438,1.85791,4.20288,1.58813
4.55444,3.21289,3.61938,4.50806,4.24561,1.85791,4.20288,1.58813
4.55444,3.21411,3.61816,4.50806,4.24438,1.85791,4.2041,1.58936
4.55444,3.21533,3.61816,4.50806,4.24438,1.85913,4.2041,1.58936
4.55444,3.21533,3.61938,4.50806,4.24561,1.85791,4.2041,1.58936
4.55444,3.21533,3.61938,4.50806,4.24561,1.85791,4.2041,1.58936
4.55566,3.21655,3.62305,4.50806,4.24438,1.85669,4.2041,1.58936
4.55322,3.21655,3.61816,4.50806,4.24805,1.85669,4.2041,1.58936
4.55444,3.21655,3.61816,4.50806,4.24438,1.85669,4.20532,1.59058
4.55566,3.21533,3.61938,4.50806,4.24438,1.85547,4.2041,1.58936
4.55566,3.21655,3.61938,4.50806,4.24438,1.85547,4.2041,1.58936
4.55444,3.21777,3.61816,4.50806,4.24561,1.85547,4.20654,1.59058
4.55566,3.21899,3.62305,4.50684,4.24438,1.85425,4.20654,1.59058
4.55322,3.21899,3.61694,4.50562,4.24316,1.85303,4.20654,1.5918
4.55444,3.21899,3.61938,4.5105,4.24438,1.85303,4.20654,1.59058
4.55444,3.22021,3.61816,4.50562,4.24316,1.85181,4.20532,1.59058
4.55688,3.22144,3.61938,4.50684,4.24561,1.85181,4.20776,1.5918
4.55566,3.21899,3.61938,4.50806,4.24561,1.85059,4.20654,1.59058
4.55444,3.22144,3.61938,4.5105,4.24438,1.85059,4.20776,1.5918
4.55444,3.22144,3.61938,4.50806,4.24561,1.85059,4.20898,1.5918
4.55566,3.22144,3.61938,4.50806,4.24561,1.84937,4.20776,1.5918
4.55322,3.22266,3.61816,4.51172,4.24438,1.84937,4.20898,1.5918
4.55322,3.22388,3.61938,4.51172,4.24438,1.84937,4.20898,1.59302
4.55444,3.22266,3.61816,4.50684,4.24316,1.84814,4.20776,1.5918
4.55322,3.2251,3.61694,4.50562,4.24316,1.84814,4.20898,1.59302
4.55444,3.2251,3.61816,4.50806,4.24438,1.84937,4.21021,1.59302
4.552,3.22388,3.61694,4.50684,4.24438,1.85059,4.21021,1.59302
4.55322,3.22754,3.61694,4.50562,4.24194,1.84937,4.20898,1.59302
4.55566,3.2251,3.61938,4.50806,4.24438,1.85059,4.20898,1.59302
4.55566,3.2251,3.61938,4.50806,4.24438,1.85181,4.21021,1.59302
4.55444,3.22754,3.61816,4.50684,4.24438,1.85303,4.21021,1.59424
4.55444,3.22754,3.61816,4.50684,4.24316,1.85303,4.21021,1.59424
4.55444,3.22632,3.61816,4.50806,4.24438,1.85303,4.21021,1.59424
4.55322,3.22754,3.61694,4.50562,4.24194,1.85303,4.21143,1.59668
4.552,3.22754,3.61572,4.50562,4.24316,1.85303,4.21387,1.59424
4.55444,3.22876,3.61816,4.50806,4.24438,1.85303,4.21021,1.59546
4.55444,3.22876,3.61694,4.50684,4.24194,1.85181,4.20776,1.59424
4.55444,3.22754,3.61816,4.50684,4.24316,1.85181,4.20776,1.59424
4.55444,3.22998,3.61694,4.50684,4.24316,1.85181,4.21143,1.59546
4.55322,3.2312,3.61694,4.50684,4.24316,1.85181,4.21143,1.59546
4.55444,3.22998,3.61816,4.50806,4.24438,1.85181,4.21143,1.59546
4.55566,3.2312,3.62061,4.50684,4.24316,1.85181,4.21021,1.59668
4.552,3.2312,3.61572,4.50684,4.24438,1.85303,4.21021,1.59668
4.55322,3.23242,3.61816,4.51172,4.24316,1.85059,4.21143,1.59668
4.55444,3.23242,3.61694,4.50684,4.24316,1.85059,4.21265,1.59668
4.55322,3.23364,3.61572,4.50562,4.24194,1.84937,4.21143,1.5979
4.55322,3.23364,3.61694,4.50806,4.24438,1.85059,4.21387,1.5979
4.55444,3.23364,3.61816,4.50806,4.24438,1.84937,4.21387,1.5979
4.55444,3.23364,3.61694,4.50684,4.24316,1.84937,4.21387,1.5979
4.55322,3.23486,3.61694,4.50684,4.24316,1.84814,4.21387,1.5979
4.55566,3.23486,3.62061,4.50684,4.24316,1.84814,4.21387,1.5979
4.55444,3.23364,3.61816,4.50806,4.24438,1.84814,4.21387,1.5979
4.55322,3.23486,3.61816,4.5105,4.24316,1.84814,4.21387,1.5979
4.55566,3.23608,3.62183,4.50684,4.24316,1.84814,4.21387,1.5979
4.55444,3.23486,3.61816,4.50806,4.24316,1.84814,4.21265,1.5979
4.552,3.23608,3.61694,4.50806,4.24805,1.84814,4.21387,1.59912
4.55933,3.2373,3.61694,4.50684,4.24316,1.84814,4.21387,1.59912
4.55444,3.23608,3.61816,4.50806,4.24438,1.84814,4.21509,1.59912
4.55444,3.2373,3.61816,4.50806,4.24438,1.84814,4.21509,1.59912
4.55811,3.23853,3.61694,4.50684,4.24316,1.84814,4.21509,1.59912
4.55566,3.23608,3.61816,4.50806,4.24316,1.84814,4.21387,1.59912
4.55322,3.23853,3.61694,4.50806,4.24438,1.84814,4.21631,1.60034
4.55444,3.23853,3.61816,4.50806,4.24438,1.84814,4.21631,1.60034
4.55444,3.23853,3.61816,4.50806,4.24438,1.84814,4.21753,1.60034
4.552,3.23853,3.61572,4.50684,4.24316,1.84814,4.21753,1.60034
4.55444,3.23853,3.61816,4.50806,4.24438,1.84692,4.21631,1.60034
4.55444,3.23853,3.61816,4.50806,4.24438,1.84692,4.21631,1.60034
4.55444,3.23975,3.61816,4.50806,4.24438,1.8457,4.21631,1.60034
4.55322,3.24097,3.61572,4.50562,4.24194,1.8457,4.21875,1.60156
4.55444,3.24097,3.61816,4.50806,4.24438,1.8457,4.21753,1.60156
4.55444,3.24097,3.61816,4.50806,4.24438,1.8457,4.21753,1.60156
4.552,3.24219,3.61694,4.50928,4.24683,1.8457,4.21631,1.60156
4.55811,3.24219,3.61694,4.50684,4.24438,1.8457,4.21753,1.60156
4.55566,3.24341,3.61694,4.50684,4.24316,1.8457,4.21753,1.60278
4.552,3.24219,3.61694,4.50928,4.24683,1.8457,4.21753,1.60156
4.55322,3.24341,3.61694,4.50806,4.24438,1.84692,4.21875,1.60278
4.55322,3.24585,3.61572,4.50562,4.24194,1.84692,4.21875,1.60278
4.55444,3.24341,3.61694,4.50684,4.24316,1.84692,4.21509,1.60156
4.552,3.24341,3.61572,4.50684,4.24438,1.84814,4.21753,1.60278
4.55322,3.24463,3.61694,4.50562,4.24194,1.8457,4.21631,1.60278
4.55444,3.24341,3.61816,4.50806,4.24438,1.84692,4.21753,1.60278
4.55688,3.24585,3.61694,4.50684,4.24438,1.8457,4.21875,1.604
4.55322,3.24585,3.61694,4.50562,4.24316,1.84448,4.21631,1.60278
4.55444,3.24463,3.61816,4.50806,4.24438,1.84448,4.21631,1.60278
4.55688,3.24707,3.61694,4.50684,4.24438,1.84448,4.21875,1.604
4.55322,3.25073,3.61572,4.50562,4.24316,1.84448,4.21875,1.60522
4.552,3.24585,3.61572,4.50562,4.24316,1.84448,4.21875,1.60645
4.55444,3.24585,3.61694,4.50806,4.24561,1.84448,4.21753,1.604
4.55444,3.24585,3.61694,4.50684,4.24438,1.84326,4.21631,1.604
4.552,3.24707,3.61572,4.50928,4.25049,1.84448,4.21753,1.604
4.55322,3.24829,3.61572,4.50684,4.24561,1.84448,4.21875,1.60522
4.55444,3.24585,3.61694,4.50806,4.24561,1.84448,4.21631,1.604
4.552,3.24829,3.6145,4.50562,4.24438,1.8457,4.21753,1.60522
4.55322,3.24829,3.61572,4.50562,4.24438,1.84448,4.21631,1.60522
4.55444,3.24829,3.61572,4.50684,4.24438,1.84448,4.21753,1.60522
4.552,3.24829,3.61572,4.50684,4.24561,1.8457,4.22241,1.60522
4.55444,3.24829,3.61694,4.50806,4.24438,1.84448,4.21753,1.60522
4.55322,3.24951,3.61816,4.51172,4.24438,1.8457,4.21997,1.60645
4.55322,3.25439,3.61572,4.50562,4.24316,1.8457,4.21875,1.60645
4.55444,3.24829,3.61694,4.50806,4.24438,1.84448,4.21875,1.60522
4.55322,3.25073,3.61694,4.50806,4.24561,1.8457,4.22119,1.60645
4.55322,3.25073,3.61572,4.50562,4.24316,1.8457,4.22119,1.60767
4.55444,3.25073,3.61938,4.50684,4.24438,1.8457,4.22119,1.60645
4.55322,3.25195,3.61694,4.50684,4.24316,1.84448,4.21875,1.60645
4.55811,3.25195,3.61694,4.50684,4.24561,1.84448,4.22119,1.60767
4.55444,3.24951,3.61694,4.50806,4.24438,1.84448,4.21997,1.60645
4.552,3.25195,3.61572,4.50928,4.25049,1.84326,4.22119,1.60767
4.55322,3.25195,3.61694,4.50806,4.24561,1.84448,4.22241,1.60767
4.55444,3.25195,3.61694,4.50806,4.24683,1.84448,4.22241,1.60767
4.55322,3.25317,3.61694,4.50806,4.24683,1.84326,4.22363,1.60767
4.55444,3.25317,3.62061,4.50684,4.24561,1.84326,4.22241,1.60767
4.552,3.25317,3.61572,4.50562,4.24561,1.84326,4.22852,1.60767
4.55444,3.25195,3.61816,4.50806,4.24683,1.84204,4.22241,1.60767
4.55444,3.25317,3.61694,4.50684,4.24438,1.84082,4.22119,1.60767
4.55322,3.25562,3.61572,4.50562,4.24438,1.84082,4.22363,1.60889
4.552,3.25317,3.61572,4.50806,4.24927,1.84204,4.22241,1.60889
4.55444,3.25195,3.61694,4.50806,4.24683,1.84204,4.22241,1.60889
4.55444,3.25317,3.61694,4.50806,4.24683,1.84204,4.22241,1.60889
4.55566,3.25439,3.62061,4.50684,4.24683,1.84204,4.22363,1.60889
4.552,3.25439,3.6145,4.50562,4.24805,1.84326,4.22729,1.60889
4.55322,3.25439,3.61694,4.50806,4.24805,1.84204,4.22607,1.61011
4.55322,3.25562,3.61694,4.50806,4.24805,1.84204,4.22729,1.61011
4.55444,3.25684,3.61572,4.50684,4.24805,1.84204,4.22729,1.61011
4.55322,3.25562,3.61572,4.50562,4.24561,1.84204,4.22607,1.61133
4.55322,3.25684,3.61816,4.50684,4.24683,1.84204,4.22729,1.61011
4.55322,3.25684,3.61694,4.50684,4.24805,1.84204,4.22852,1.61011
4.552,3.25684,3.61572,4.50806,4.25049,1.84082,4.22729,1.61011
4.55444,3.25562,3.61694,4.50684,4.24683,1.84082,4.22729,1.61011
4.55322,3.25684,3.61694,4.50562,4.24561,1.8396,4.22729,1.61011
4.55322,3.25806,3.61694,4.50684,4.24683,1.84082,4.22974,1.61133
4.552,3.25684,3.61572,4.50684,4.24805,1.84326,4.22852,1.61133
4.55322,3.25806,3.61816,4.5105,4.24683,1.8396,4.22852,1.61133
4.55444,3.25684,3.61694,4.50684,4.24561,1.83838,4.22729,1.61011
4.55444,3.25806,3.62061,4.50684,4.24683,1.83838,4.22852,1.61133
4.55322,3.25806,3.61694,4.50684,4.24683,1.83838,4.22974,1.61255
4.55444,3.25684,3.61694,4.50684,4.24683,1.83716,4.22729,1.61133
4.55444,3.25684,3.61694,4.50684,4.24683,1.83716,4.22729,1.61133
4.55322,3.25928,3.61694,4.50684,4.24805,1.83838,4.22974,1.61255
4.55322,3.25928,3.61694,4.50806,4.24805,1.83716,4.22974,1.61255
4.55444,3.25806,3.61694,4.50684,4.24683,1.83594,4.22729,1.61133
4.55444,3.25928,3.61694,4.50684,4.24561,1.83594,4.22729,1.61133
4.55444,3.25806,3.61694,4.50806,4.24805,1.83594,4.22852,1.61255
4.55322,3.25928,3.61694,4.50806,4.24805,1.83716,4.22974,1.61255
4.55322,3.25928,3.61694,4.50806,4.24805,1.83716,4.22974,1.61255
4.55322,3.2605,3.61572,4.50684,4.24683,1.83716,4.22974,1.61377
4.552,3.2605,3.61572,4.50928,4.25293,1.83716,4.22852,1.61255
4.552,3.26416,3.61572,4.50562,4.24561,1.83594,4.22852,1.61377
4.55444,3.26172,3.61572,4.50684,4.24683,1.83716,4.22852,1.61377
4.55322,3.26172,3.61694,4.50806,4.24805,1.83716,4.22974,1.61377
4.55322,3.26172,3.61572,4.50684,4.24805,1.83716,4.22974,1.61377
4.55322,3.26172,3.61572,4.50806,4.24805,1.83716,4.22974,1.61377
4.552,3.26172,3.6145,4.50562,4.24561,1.83594,4.22974,1.61499
4.55444,3.2605,3.61694,4.50806,4.24805,1.83716,4.22974,1.61377
4.55444,3.2605,3.61694,4.50684,4.24683,1.83594,4.22729,1.61377
4.552,3.26172,3.61572,4.50684,4.24927,1.83716,4.22852,1.61377
4.55444,3.2605,3.61694,4.50806,4.24805,1.83594,4.22852,1.61377
4.55322,3.26294,3.61694,4.50806,4.24805,1.83594,4.23096,1.61499
4.55322,3.26172,3.61694,4.50806,4.24805,1.83594,4.22974,1.61499
4.55444,3.26172,3.61694,4.50684,4.24683,1.83472,4.22852,1.61377
4.552,3.26294,3.61572,4.50806,4.25293,1.83472,4.22974,1.61499
4.55444,3.26172,3.61694,4.50806,4.24805,1.83472,4.22974,1.61499
4.55322,3.26416,3.61816,4.5105,4.24683,1.83472,4.23096,1.61499
4.552,3.26416,3.6145,4.50562,4.24805,1.83594,4.23218,1.61499
4.552,3.26416,3.6145,4.50562,4.24683,1.83594,4.23584,1.61499
4.55444,3.26294,3.61694,4.50806,4.24683,1.83472,4.23096,1.61499
4.55078,3.26416,3.6145,4.50562,4.24805,1.83594,4.23218,1.61499
4.55322,3.26538,3.61572,4.50684,4.24683,1.8335,4.2334,1.61621
4.55322,3.26538,3.61816,4.5105,4.24683,1.8335,4.2334,1.61621
4.55322,3.26538,3.61694,4.50684,4.24683,1.8335,4.23462,1.61621
4.55444,3.26416,3.61694,4.50806,4.24683,1.8335,4.2334,1.61621
4.55933,3.2666,3.61572,4.50684,4.24683,1.83228,4.23462,1.61621
4.55444,3.26416,3.61694,4.50806,4.24683,1.83228,4.2334,1.61621
4.55322,3.26538,3.61694,4.50806,4.24683,1.83228,4.23462,1.61621
4.552,3.2666,3.61694,4.51172,4.24561,1.83228,4.23462,1.61621
4.55811,3.2666,3.61572,4.50684,4.24561,1.83105,4.23462,1.61743
4.55322,3.2666,3.61572,4.50562,4.24438,1.83105,4.23218,1.61621
4.55322,3.2666,3.61694,4.50806,4.24683,1.83105,4.23584,1.61743
4.55444,3.26782,3.61572,4.50684,4.24561,1.83105,4.23462,1.61743
4.55444,3.26538,3.61694,4.50684,4.24561,1.83105,4.23218,1.61621
4.55322,3.26782,3.61572,4.50684,4.24683,1.83228,4.23584,1.61743
4.55444,3.26538,3.61694,4.50806,4.24561,1.83105,4.2334,1.61743
4.55078,3.26782,3.6145,4.50562,4.24561,1.83228,4.23462,1.61743
4.55322,3.26904,3.61572,4.50562,4.24438,1.83105,4.2334,1.61743
4.55444,3.26904,3.61572,4.50684,4.24561,1.83228,4.23462,1.61743
4.55078,3.26782,3.6145,4.50562,4.24561,1.83228,4.23706,1.61743
4.55811,3.26904,3.61572,4.50684,4.24561,1.83105,4.23462,1.61865
4.552,3.26904,3.61572,4.50806,4.24805,1.83105,4.23462,1.61743
4.55322,3.26782,3.61572,4.50562,4.24438,1.82983,4.2334,1.61743
4.55322,3.26904,3.61572,4.50684,4.24561,1.83105,4.23584,1.61865
4.55322,3.27026,3.61572,4.50684,4.24561,1.83105,4.23584,1.61865
4.552,3.26904,3.6145,4.50562,4.24316,1.82983,4.23584,1.62109
4.55444,3.26782,3.61572,4.50684,4.24438,1.82983,4.2334,1.61743
4.55322,3.27026,3.61572,4.50684,4.24561,1.83105,4.23706,1.61865
4.552,3.27026,3.61572,4.51172,4.24683,1.82983,4.23584,1.61865
4.55322,3.27148,3.6145,4.50562,4.24316,1.82983,4.23462,1.61865
4.552,3.27026,3.6145,4.50562,4.24438,1.82983,4.23828,1.61987
4.55322,3.27026,3.61694,4.5105,4.24438,1.82983,4.23584,1.61987
4.552,3.27026,3.6145,4.50806,4.24805,1.82983,4.23584,1.61987
4.55078,3.27148,3.6145,4.50806,4.25049,1.82983,4.23584,1.61987
4.55078,3.27148,3.6145,4.50684,4.24561,1.83105,4.23584,1.61987
4.552,3.27148,3.6145,4.50806,4.25049,1.82983,4.23584,1.61987
4.55444,3.27026,3.61572,4.50806,4.24561,1.82983,4.23462,1.61865
4.552,3.27148,3.61572,4.51172,4.24683,1.82983,4.23584,1.61987
4.55322,3.27271,3.6145,4.50684,4.24561,1.82983,4.23706,1.61987
4.55322,3.27148,3.61572,4.50806,4.24683,1.82983,4.23706,1.61987
4.55322,3.27148,3.6145,4.50562,4.24438,1.82861,4.23462,1.61987
4.55322,3.27271,3.6145,4.50684,4.24561,1.82983,4.23706,1.62109
4.55322,3.27148,3.61572,4.50806,4.24683,1.82983,4.23706,1.61987
4.552,3.27271,3.61572,4.51172,4.24561,1.82983,4.23706,1.62109
4.55322,3.27148,3.61572,4.50806,4.24683,1.82983,4.23706,1.61987
4.55444,3.27148,3.61572,4.50806,4.24561,1.82983,4.23584,1.61987
4.55322,3.27271,3.61572,4.50806,4.24683,1.82983,4.23828,1.62109
4.55078,3.27393,3.61328,4.50562,4.24561,1.83105,4.23706,1.62109
4.55078,3.27393,3.61328,4.50684,4.24805,1.82983,4.23706,1.62109
4.55322,3.27393,3.61816,4.50806,4.24561,1.82861,4.23828,1.62109
4.55322,3.27393,3.6145,4.50684,4.24683,1.82861,4.23828,1.62231
4.55078,3.27393,3.6145,4.50806,4.24927,1.82861,4.23828,1.62109
4.55444,3.27515,3.6145,4.50684,4.24561,1.82861,4.23828,1.62231
4.55078,3.27393,3.61328,4.50439,4.24561,1.82861,4.24072,1.62109
4.55078,3.27515,3.61328,4.50562,4.24561,1.82861,4.24194,1.62109
4.55078,3.27515,3.61328,4.50684,4.24805,1.82983,4.23828,1.62231
4.55444,3.27393,3.6145,4.50684,4.24561,1.82739,4.23706,1.62109
4.55322,3.27393,3.61572,4.50806,4.24683,1.82861,4.2395,1.62231
4.552,3.27515,3.61328,4.50439,4.24561,1.82861,4.24072,1.62476
4.55322,3.27393,3.61572,4.50806,4.24683,1.82983,4.2395,1.62231
4.55322,3.27637,3.6145,4.50562,4.24438,1.82983,4.23828,1.62231
4.55811,3.27637,3.6145,4.50562,4.24683,1.83105,4.24072,1.62231
4.55322,3.27637,3.6145,4.50684,4.24805,1.83105,4.24072,1.62354
4.55444,3.27515,3.61572,4.50684,4.24683,1.83105,4.2395,1.62231
4.55322,3.27759,3.61816,4.50562,4.24683,1.83105,4.24072,1.62354
4.55322,3.27515,3.61572,4.50684,4.24805,1.83105,4.24072,1.62231
4.55444,3.27515,3.61572,4.50684,4.24805,1.83105,4.2395,1.62231
4.55322,3.27759,3.6145,4.50439,4.24561,1.82983,4.2395,1.62231
4.55322,3.27637,3.6145,4.50684,4.24805,1.83105,4.24072,1.62354
4.55444,3.27881,3.6145,4.50562,4.24683,1.83105,4.24194,1.62354
4.55322,3.27637,3.61572,4.50684,4.24805,1.83105,4.24072,1.62354
4.55322,3.27881,3.6145,4.50562,4.24683,1.83228,4.24194,1.62354
4.55322,3.27637,3.6145,4.50562,4.24683,1.83105,4.2395,1.62354
4.55322,3.27881,3.6145,4.50684,4.24805,1.83228,4.24194,1.62476
4.552,3.27881,3.61328,4.50439,4.24561,1.83105,4.24316,1.62598
4.55322,3.28125,3.61328,4.50439,4.24438,1.83105,4.2395,1.62354
4.55322,3.28003,3.6145,4.50562,4.24683,1.83228,4.24194,1.62476
4.55811,3.28003,3.6145,4.50562,4.24561,1.83105,4.24194,1.62476
4.55322,3.27881,3.6145,4.50562,4.24438,1.82983,4.2395,1.62354
4.55322,3.28003,3.6145,4.50684,4.24683,1.82983,4.24194,1.62476
4.55444,3.27759,3.6145,4.50562,4.24561,1.82983,4.24072,1.62354
4.55322,3.27881,3.6145,4.50684,4.24683,1.82983,4.24194,1.62476
4.55322,3.28003,3.6145,4.50684,4.24561,1.82983,4.24316,1.62476
4.55322,3.28125,3.6145,4.50562,4.24438,1.82861,4.24072,1.62354
4.55444,3.27881,3.6145,4.50562,4.24438,1.82861,4.24072,1.62354
4.55444,3.27881,3.6145,4.50684,4.24561,1.82861,4.24072,1.62476
4.55322,3.28125,3.6145,4.50562,4.24438,1.82861,4.2395,1.62476
4.552,3.28369,3.61328,4.50439,4.24316,1.82861,4.24072,1.62476
4.55811,3.28247,3.61328,4.50562,4.24561,1.82983,4.24194,1.62598
4.55078,3.28125,3.61206,4.50439,4.24561,1.83105,4.24683,1.62476
4.55566,3.28247,3.61694,4.50562,4.24561,1.82983,4.24194,1.62598
4.55444,3.28003,3.6145,4.50684,4.24683,1.82983,4.24194,1.62476
4.552,3.28247,3.61206,4.50439,4.24438,1.82983,4.24438,1.62598
4.552,3.28247,3.61206,4.50439,4.24438,1.83105,4.24316,1.62598
4.552,3.28247,3.61206,4.50439,4.24316,1.82983,4.24316,1.6272
4.552,3.28247,3.61206,4.50439,4.24316,1.83105,4.24316,1.6272
4.552,3.28247,3.61206,4.50439,4.24438,1.83228,4.24561,1.62598
4.55444,3.28125,3.6145,4.50684,4.24438,1.83228,4.2395,1.62598
4.55322,3.28369,3.61328,4.50562,4.24561,1.83228,4.24194,1.6272
4.55322,3.28247,3.6145,4.50684,4.24561,1.8335,4.24072,1.62598
4.55322,3.28369,3.6145,4.50684,4.24561,1.8335,4.24072,1.62598
4.552,3.28369,3.61206,4.50439,4.24316,1.83228,4.24316,1.62842
4.55444,3.28247,3.6145,4.50684,4.24561,1.83228,4.2395,1.62598
4.55322,3.28491,3.61572,4.5105,4.24438,1.83228,4.24072,1.6272
4.55322,3.28491,3.61328,4.50562,4.24561,1.83228,4.24072,1.6272
4.55322,3.28491,3.61816,4.50562,4.24438,1.83228,4.24072,1.6272
4.55078,3.28491,3.61328,4.50439,4.24561,1.8335,4.2395,1.6272
4.55078,3.28491,3.61328,4.50562,4.24561,1.8335,4.24072,1.6272
4.55444,3.28369,3.6145,4.50562,4.24438,1.83105,4.2395,1.6272
4.55444,3.28613,3.61328,4.50562,4.24438,1.83228,4.24072,1.6272
4.55322,3.28613,3.61328,4.50439,4.24316,1.83105,4.2395,1.6272
4.552,3.28491,3.61328,4.50439,4.24316,1.83105,4.24072,1.62842
4.55322,3.28613,3.6145,4.50684,4.24561,1.83228,4.24194,1.62842
4.55322,3.28491,3.6145,4.50684,4.24561,1.83228,4.24072,1.62842
4.55322,3.28735,3.6145,4.50684,4.24438,1.83228,4.24194,1.62842
4.55322,3.28613,3.6145,4.50684,4.24561,1.83228,4.24072,1.62842
4.55444,3.28613,3.6145,4.50562,4.24316,1.83105,4.23828,1.6272
4.55322,3.28735,3.6145,4.50562,4.24438,1.83228,4.24072,1.62842
4.55444,3.28491,3.6145,4.50684,4.24438,1.83228,4.2395,1.62842
4.55444,3.28735,3.61816,4.50562,4.24438,1.83228,4.24072,1.62842
4.55444,3.28613,3.6145,4.50806,4.24561,1.83228,4.24072,1.62842
4.55444,3.28613,3.6145,4.50562,4.24316,1.83105,4.23828,1.62842
4.55322,3.28857,3.6145,4.50684,4.24438,1.83105,4.24072,1.62964
4.552,3.28735,3.6145,4.50806,4.24683,1.82983,4.24072,1.62842
4.552,3.28735,3.61328,4.50562,4.24438,1.83105,4.24194,1.62842
4.55322,3.28857,3.61572,4.50806,4.24438,1.82983,4.24072,1.62964
4.55322,3.29102,3.61328,4.50562,4.24316,1.82983,4.2395,1.62964
4.552,3.28857,3.61328,4.50806,4.25049,1.82983,4.2395,1.62964
4.55444,3.28735,3.6145,4.50806,4.24561,1.82983,4.2395,1.62964
4.55444,3.28735,3.6145,4.50684,4.24438,1.82861,4.2395,1.62842
4.55444,3.28857,3.6145,4.50562,4.24316,1.82861,4.23828,1.62964
4.55566,3.28979,3.61816,4.50684,4.24438,1.82861,4.24072,1.62964
4.55322,3.28979,3.61328,4.50684,4.24438,1.82861,4.24194,1.62964
4.552,3.28979,3.61328,4.50439,4.24316,1.82739,4.24072,1.63086
4.55811,3.29102,3.61328,4.50684,4.24438,1.82861,4.24072,1.63086
4.55566,3.29102,3.61694,4.50684,4.24438,1.82861,4.24072,1.63086
4.552,3.28979,3.61206,4.50439,4.24316,1.82861,4.24316,1.62964
4.552,3.28979,3.61328,4.50684,4.24805,1.83105,4.24072,1.63086
4.55322,3.29346,3.61328,4.50439,4.24316,1.82861,4.24072,1.63086
4.55444,3.29102,3.61328,4.50684,4.24561,1.82983,4.24194,1.63086
4.552,3.29102,3.61328,4.50684,4.24805,1.83105,4.24072,1.63086
4.552,3.29102,3.61206,4.50562,4.24561,1.83105,4.24683,1.63086
4.552,3.29102,3.61328,4.50806,4.25049,1.82983,4.24072,1.63086
4.55322,3.29224,3.61572,4.5105,4.24561,1.82983,4.24194,1.63086
4.55444,3.29102,3.6145,4.50806,4.24683,1.82983,4.24194,1.63086
4.55811,3.29224,3.61328,4.50684,4.24561,1.82983,4.24194,1.63208
4.55444,3.29102,3.6145,4.50806,4.24683,1.82983,4.24072,1.63086
4.55566,3.29224,3.61816,4.50684,4.24561,1.82861,4.24194,1.63208
4.552,3.29224,3.61328,4.50562,4.24561,1.82861,4.24683,1.63086
4.55322,3.29346,3.6145,4.50684,4.24683,1.82861,4.24316,1.63208
4.55444,3.29224,3.6145,4.50562,4.24561,1.82617,4.24072,1.63086
4.55444,3.29224,3.61572,4.50806,4.24805,1.82739,4.24316,1.63208
4.55444,3.29102,3.61572,4.50806,4.24683,1.82617,4.24194,1.63086
4.55322,3.29346,3.61572,4.51172,4.24683,1.82617,4.24316,1.63208
4.55444,3.29224,3.61572,4.50806,4.24683,1.82617,4.24194,1.63208
4.55322,3.29468,3.6145,4.50684,4.24683,1.82617,4.24438,1.63208
4.55322,3.29712,3.6145,4.50439,4.24561,1.82495,4.24316,1.6333
4.55444,3.29346,3.6145,4.50562,4.24561,1.82495,4.24194,1.63208
4.55444,3.29346,3.61572,4.50806,4.24805,1.82495,4.24438,1.63208
4.55444,3.29346,3.61572,4.50806,4.24683,1.82495,4.24316,1.63208
4.55322,3.29834,3.6145,4.50562,4.24561,1.82495,4.24316,1.6333
4.55444,3.29346,3.61572,4.50806,4.24805,1.82617,4.24438,1.63208
4.55444,3.29346,3.61572,4.50806,4.24683,1.82617,4.24438,1.63208
4.55444,3.29346,3.61572,4.50684,4.24683,1.82617,4.24316,1.63208
4.55322,3.29468,3.61572,4.50806,4.24805,1.82617,4.24561,1.6333
4.552,3.2959,3.6145,4.50562,4.24805,1.82739,4.24438,1.6333
4.552,3.2959,3.6145,4.50439,4.24561,1.82617,4.24561,1.63574
4.55322,3.29712,3.61572,4.50684,4.24683,1.82617,4.24561,1.6333
4.552,3.2959,3.6145,4.50562,4.24561,1.82617,4.24805,1.6333
4.55444,3.2959,3.61572,4.50562,4.24561,1.82617,4.24316,1.6333
4.552,3.2959,3.6145,4.50439,4.24561,1.82739,4.24805,1.6333
4.552,3.29712,3.6145,4.50562,4.24683,1.82739,4.24683,1.6333
4.55444,3.2959,3.61694,4.50806,4.24683,1.82617,4.24438,1.6333
4.55322,3.29712,3.61572,4.50562,4.24561,1.82495,4.24438,1.6333
4.55444,3.2959,3.61694,4.50684,4.24683,1.82617,4.24438,1.6333
4.55444,3.29712,3.61572,4.50562,4.24561,1.82495,4.24438,1.6333
4.552,3.29712,3.6145,4.50684,4.24805,1.82861,4.24561,1.63452
4.55811,3.29834,3.61572,4.50684,4.24683,1.82617,4.24561,1.63452
4.55444,3.29834,3.61572,4.50562,4.24438,1.82495,4.24438,1.6333
4.55322,3.30078,3.61572,4.50562,4.24438,1.82495,4.24438,1.63452
4.55322,3.30078,3.6145,4.50562,4.24438,1.82617,4.24438,1.63452
4.552,3.29834,3.61572,4.50928,4.24683,1.82739,4.24561,1.63452
4.55566,3.29956,3.61694,4.50684,4.24683,1.82739,4.24561,1.63452
4.55322,3.29956,3.6145,4.50562,4.24438,1.82739,4.24561,1.63574
4.55322,3.30078,3.61572,4.50562,4.24438,1.82739,4.24438,1.63452
4.55444,3.30078,3.61572,4.50562,4.24561,1.82739,4.24438,1.63452
4.55444,3.29834,3.61694,4.50806,4.24683,1.82739,4.24561,1.63452
4.552,3.29956,3.6145,4.50562,4.24805,1.82861,4.24683,1.63452
4.55444,3.29956,3.61694,4.50806,4.24805,1.82861,4.24683,1.63452
4.55444,3.29956,3.61694,4.50806,4.24805,1.82739,4.24683,1.63452
4.55322,3.30078,3.61572,4.50684,4.24805,1.82739,4.24805,1.63574
4.55444,3.29834,3.61694,4.50684,4.24683,1.82617,4.24561,1.63452
4.552,3.30078,3.61694,4.51172,4.24683,1.82617,4.24683,1.63574
4.55322,3.30078,3.61694,4.50806,4.24805,1.82739,4.24927,1.63574
4.55322,3.302,3.61572,4.50562,4.24561,1.82495,4.24683,1.63574
4.55322,3.30078,3.61816,4.51172,4.24683,1.82617,4.24805,1.63574
4.55322,3.30078,3.61816,4.51172,4.24805,1.82617,4.24805,1.63574
4.55322,3.30566,3.61572,4.50562,4.24561,1.82617,4.24805,1.63696
4.55444,3.29956,3.61816,4.50806,4.24805,1.82617,4.24805,1.63574
4.55322,3.302,3.61694,4.50806,4.24927,1.82617,4.25049,1.63574
4.55322,3.302,3.61694,4.50684,4.24805,1.82495,4.25049,1.63696
4.552,3.302,3.61572,4.50562,4.24805,1.82617,4.25171,1.63574
4.55444,3.302,3.61816,4.50806,4.24805,1.82495,4.25049,1.63696
4.55322,3.302,3.61694,4.50684,4.24805,1.82495,4.25049,1.63696
4.55444,3.30322,3.61694,4.50684,4.24805,1.82373,4.25049,1.63696
4.55322,3.30322,3.61816,4.50806,4.24805,1.82373,4.25049,1.63696
4.55322,3.30322,3.61694,4.50684,4.24805,1.82495,4.25049,1.63696
4.55444,3.302,3.61816,4.50806,4.24927,1.82495,4.25049,1.63696
4.55322,3.30566,3.61694,4.50562,4.24561,1.82373,4.24927,1.63696
4.55444,3.302,3.61816,4.50684,4.24683,1.82495,4.24927,1.63574
4.55322,3.30322,3.61694,4.50806,4.24805,1.82617,4.25171,1.63696
4.55444,3.302,3.61816,4.50806,4.24805,1.82495,4.24927,1.63696
4.55444,3.302,3.61816,4.50684,4.24683,1.82495,4.24805,1.63696
4.55322,3.30811,3.61572,4.50562,4.24561,1.82617,4.24927,1.63818
4.55444,3.302,3.61816,4.50684,4.24683,1.82617,4.24805,1.63696
4.55566,3.30444,3.61694,4.50684,4.24805,1.82617,4.25049,1.63696
4.55444,3.30322,3.61816,4.50806,4.24927,1.82617,4.25049,1.63696
4.55444,3.30322,3.61694,4.50684,4.24683,1.82495,4.24805,1.63696
4.552,3.30444,3.61694,4.51172,4.24683,1.82617,4.24927,1.63696
4.55322,3.30566,3.61816,4.5105,4.24683,1.82617,4.24927,1.63696
4.55322,3.30566,3.61694,4.50684,4.24805,1.82617,4.25049,1.63818
4.552,3.30444,3.61572,4.50684,4.24927,1.82861,4.24927,1.63696
4.55444,3.30444,3.61694,4.50684,4.24683,1.82495,4.24805,1.63696
4.55566,3.30566,3.62061,4.50684,4.24683,1.82495,4.24927,1.63818
4.55444,3.30444,3.61816,4.50806,4.24805,1.82495,4.24927,1.63696
4.55322,3.30566,3.61694,4.50684,4.24805,1.82617,4.25049,1.63818
4.55444,3.30444,3.61816,4.50806,4.24805,1.82495,4.24927,1.63818
4.55322,3.30688,3.61816,4.51172,4.24805,1.82617,4.24927,1.63818
4.55322,3.30688,3.61694,4.50684,4.24805,1.82617,4.25049,1.63818
4.55322,3.30933,3.61572,4.50562,4.24561,1.82495,4.24927,1.63818
4.55322,3.30688,3.61694,4.50806,4.24805,1.82495,4.25049,1.63818
4.55444,3.30566,3.61694,4.50806,4.24927,1.82495,4.25049,1.63818
4.55322,3.30688,3.61572,4.50562,4.24561,1.82495,4.25049,1.6394
4.552,3.30688,3.61572,4.50562,4.24805,1.82617,4.24927,1.63818
4.55444,3.30688,3.61694,4.50562,4.24683,1.82373,4.24805,1.63818
4.55566,3.30566,3.61694,4.50684,4.24683,1.82373,4.24805,1.63818
4.552,3.30688,3.61572,4.50684,4.24927,1.82495,4.24927,1.63818
4.55322,3.30811,3.61816,4.5105,4.24683,1.82373,4.24927,1.6394
4.55322,3.30933,3.61572,4.50562,4.24561,1.82373,4.24927,1.64063
4.552,3.30688,3.61572,4.50562,4.24561,1.82373,4.25049,1.6394
4.55444,3.30688,3.61816,4.50806,4.24805,1.82373,4.25049,1.6394
4.552,3.30811,3.61572,4.50562,4.24561,1.82373,4.25171,1.6394
4.552,3.30811,3.61572,4.50684,4.24683,1.82373,4.24927,1.6394
4.55566,3.30811,3.62061,4.50684,4.24683,1.82251,4.25049,1.6394
4.552,3.30811,3.61572,4.50562,4.24683,1.82373,4.25537,1.6394
4.55444,3.30811,3.61694,4.50684,4.24561,1.82251,4.24805,1.6394
4.55322,3.31299,3.61694,4.50562,4.24438,1.82251,4.24927,1.64063
4.55322,3.30933,3.61694,4.50684,4.24683,1.82373,4.25171,1.6394
4.552,3.30933,3.61694,4.50806,4.24927,1.82251,4.25049,1.6394
4.55444,3.31177,3.61694,4.50562,4.24438,1.82251,4.24927,1.64063
4.55566,3.30811,3.61816,4.50806,4.24683,1.82251,4.24927,1.6394
4.55566,3.30811,3.61816,4.50806,4.24683,1.82251,4.25049,1.6394
4.55444,3.30933,3.61816,4.50806,4.24683,1.82251,4.25171,1.6394
4.55566,3.30811,3.61816,4.50806,4.24683,1.82251,4.24927,1.6394
4.56055,3.31055,3.61816,4.50684,4.24683,1.82251,4.25171,1.64063
4.552,3.31055,3.61694,4.50684,4.24805,1.82495,4.25049,1.6394
4.55322,3.31055,3.61694,4.50562,4.24561,1.82251,4.25293,1.6394
4.55444,3.31055,3.61816,4.50806,4.24805,1.82373,4.25171,1.64063
4.55322,3.31055,3.61938,4.5105,4.24683,1.82251,4.25171,1.64063
4.55322,3.31055,3.61694,4.50562,4.24561,1.82251,4.25171,1.64185
4.55444,3.30933,3.61938,4.50806,4.24805,1.82251,4.25171,1.64063
4.55444,3.30933,3.61938,4.50806,4.24805,1.82251,4.25171,1.64063
4.55322,3.31177,3.61938,4.5105,4.24683,1.82251,4.25171,1.64063
4.55566,3.31055,3.61938,4.50806,4.24683,1.82251,4.25049,1.6394
4.55566,3.31055,3.61816,4.50806,4.24683,1.82251,4.25049,1.64063
4.55566,3.31177,3.62305,4.50684,4.24805,1.82251,4.25293,1.64063
4.55322,3.31177,3.61938,4.51172,4.24805,1.82251,4.25293,1.64063
4.55566,3.31055,3.61938,4.50806,4.24805,1.82251,4.25171,1.64063
4.55566,3.31055,3.61938,4.50806,4.24805,1.82251,4.25171,1.64063
4.55444,3.31299,3.61816,4.50806,4.24805,1.82251,4.25415,1.64185
4.55444,3.31299,3.62061,4.50806,4.24805,1.82251,4.25293,1.64185
4.55444,3.31177,3.61816,4.50806,4.24927,1.82373,4.25415,1.64185
4.55566,3.31055,3.61938,4.50806,4.24927,1.82251,4.25293,1.64063
4.55444,3.31299,3.61938,4.5105,4.24805,1.82251,4.25293,1.64185
4.55444,3.31421,3.61694,4.50562,4.24683,1.82251,4.25171,1.64185
4.55444,3.31543,3.61694,4.50562,4.24683,1.82251,4.25293,1.64185
4.55444,3.31299,3.61816,4.50806,4.24927,1.82495,4.25415,1.64185
4.55444,3.31299,3.61816,4.50806,4.24927,1.82495,4.25415,1.64185
4.55566,3.31177,3.61938,4.50806,4.24927,1.82373,4.25293,1.64185
4.55444,3.31421,3.61816,4.50806,4.24927,1.82495,4.25415,1.64185
4.55566,3.31177,3.61938,4.50806,4.24927,1.82495,4.25293,1.64185
4.56055,3.31421,3.61816,4.50806,4.24927,1.82495,4.25415,1.64185
4.55811,3.31421,3.61816,4.50806,4.24927,1.82495,4.25415,1.64185
4.55566,3.31299,3.61816,4.50806,4.24927,1.82495,4.25293,1.64185
4.55322,3.31421,3.61572,4.50684,4.24805,1.82617,4.25659,1.64185
4.55322,3.31421,3.61816,4.51172,4.24805,1.82495,4.25415,1.64185
4.55566,3.31299,3.61816,4.50806,4.24805,1.82373,4.25171,1.64185
4.55444,3.31787,3.61694,4.50562,4.24683,1.82373,4.25293,1.64185
4.55322,3.31421,3.61572,4.50684,4.24805,1.82617,4.25659,1.64185
4.55566,3.31421,3.61816,4.50928,4.24927,1.82495,4.25415,1.64185
4.55933,3.31543,3.61694,4.50806,4.24927,1.82495,4.25415,1.64307
4.55566,3.31421,3.61816,4.50684,4.24683,1.82373,4.25171,1.64185
4.55444,3.31787,3.61694,4.50684,4.24683,1.82251,4.25293,1.64307
4.55444,3.31543,3.61694,4.50684,4.24683,1.82251,4.25171,1.64185
4.55444,3.31421,3.61816,4.50928,4.24927,1.82373,4.25415,1.64307
4.55566,3.31543,3.62305,4.50806,4.24805,1.82251,4.25415,1.64307
4.55444,3.31543,3.61816,4.50806,4.24927,1.82251,4.25415,1.64307
4.55566,3.31421,3.61816,4.50806,4.24805,1.82251,4.25171,1.64185
4.55444,3.31665,3.61816,4.50806,4.24927,1.82251,4.25415,1.64307
4.55322,3.31543,3.61572,4.50684,4.25049,1.82373,4.25293,1.64307
4.55444,3.31909,3.61694,4.50684,4.24683,1.82129,4.25293,1.64307
4.55566,3.31421,3.61816,4.50928,4.24927,1.82251,4.25293,1.64307
4.55444,3.31665,3.61816,4.50806,4.24805,1.82251,4.25415,1.64307
4.55322,3.31665,3.61572,4.50684,4.24805,1.82373,4.25293,1.64307
4.55688,3.31665,3.61938,4.50806,4.24805,1.82373,4.25293,1.64429
4.55566,3.31543,3.61816,4.50928,4.24805,1.82373,4.25171,1.64307
4.55566,3.31543,3.61816,4.50928,4.24927,1.82373,4.25293,1.64307
4.55444,3.31665,3.61816,4.50928,4.24927,1.82373,4.25415,1.64429
4.55444,3.31665,3.61816,4.50806,4.24927,1.82373,4.25415,1.64429
4.55444,3.31787,3.61816,4.50928,4.24805,1.82373,4.25415,1.64429
4.55566,3.31665,3.61816,4.50928,4.24927,1.82373,4.25415,1.64429
4.55566,3.31543,3.61938,4.50928,4.24805,1.82251,4.25171,1.64307
4.55566,3.31787,3.62183,4.50806,4.24805,1.82373,4.25293,1.64429
4.55444,3.31787,3.61816,4.50928,4.24805,1.82373,4.25415,1.64429
4.55566,3.31787,3.62305,4.50806,4.24683,1.82373,4.25293,1.64429
4.55322,3.31787,3.61816,4.50928,4.25049,1.82495,4.25293,1.64429
4.55566,3.31787,3.61816,4.50806,4.24561,1.82373,4.25049,1.64429
4.55444,3.31909,3.61816,4.50928,4.24805,1.82495,4.25293,1.64429
4.55444,3.31909,3.61694,4.50684,4.24561,1.82495,4.25293,1.64551
4.55322,3.31787,3.61694,4.50806,4.24805,1.82617,4.25659,1.64429
4.55566,3.31909,3.62183,4.50806,4.24683,1.82495,4.25293,1.64551
4.55566,3.31787,3.61938,4.5105,4.24805,1.82495,4.25293,1.64551
4.55566,3.31787,3.61938,4.5105,4.24805,1.82495,4.25293,1.64429
4.55566,3.31787,3.61938,4.5105,4.24805,1.82373,4.25171,1.64429
4.55566,3.31787,3.61938,4.5105,4.24805,1.82495,4.25293,1.64551
4.55566,3.31909,3.61938,4.5105,4.24805,1.82495,4.25293,1.64551
4.55322,3.31909,3.61816,4.51172,4.25293,1.82373,4.25293,1.64551
4.55444,3.32031,3.61816,4.50928,4.24683,1.82495,4.25415,1.64551
4.56055,3.32031,3.61816,4.50928,4.24683,1.82495,4.25293,1.64551
4.55566,3.32031,3.61816,4.50806,4.24561,1.82373,4.25049,1.64551
4.55444,3.32031,3.61816,4.50928,4.24805,1.82495,4.25415,1.64673
4.55566,3.32031,3.61938,4.50928,4.24683,1.82495,4.25171,1.64551
4.55566,3.32031,3.61938,4.50928,4.24683,1.82373,4.25171,1.64551
4.55322,3.32031,3.61694,4.50806,4.24683,1.82495,4.25537,1.64795
4.55566,3.31909,3.61938,4.5105,4.24805,1.82373,4.25293,1.64551
4.55444,3.32031,3.61816,4.50806,4.24683,1.82373,4.25415,1.64795
4.55566,3.31909,3.61938,4.5105,4.24927,1.82373,4.25415,1.64673
4.55566,3.32153,3.61938,4.50928,4.24927,1.82373,4.25415,1.64673
4.55444,3.3252,3.61816,4.50806,4.24683,1.82373,4.25293,1.64673
4.55688,3.32031,3.61938,4.5105,4.24927,1.82373,4.25293,1.64673
4.55566,3.32031,3.61938,4.5105,4.24927,1.82373,4.25293,1.64673
4.55688,3.32031,3.61938,4.5105,4.24927,1.82373,4.25171,1.64673
4.55322,3.32153,3.61938,4.51172,4.25171,1.82373,4.25415,1.64673
4.55322,3.32153,3.61816,4.50806,4.24805,1.82495,4.25781,1.64673
4.55566,3.32031,3.61938,4.5105,4.25049,1.82495,4.25415,1.64673
4.55688,3.32031,3.62061,4.5105,4.24927,1.82495,4.25293,1.64673
4.55566,3.32275,3.61938,4.50928,4.24927,1.82495,4.25537,1.64795
4.55933,3.32275,3.61938,4.50928,4.24927,1.82495,4.25537,1.64795
4.55688,3.32031,3.61938,4.5105,4.24927,1.82373,4.25293,1.64673
4.55566,3.32153,3.61938,4.5105,4.25049,1.82373,4.25537,1.64795
4.55566,3.32275,3.61938,4.50928,4.24805,1.82251,4.25293,1.64795
4.55566,3.32275,3.61938,4.5105,4.25049,1.82373,4.25659,1.64795
4.55688,3.32153,3.61938,4.50928,4.24927,1.82251,4.25415,1.64795
4.55688,3.32153,3.61938,4.50928,4.24927,1.82251,4.25415,1.64795
4.55444,3.3252,3.61938,4.50806,4.24805,1.82251,4.25537,1.64795
4.55688,3.32397,3.62305,4.50928,4.24927,1.82251,4.25659,1.64795
4.55566,3.32397,3.61938,4.5105,4.25049,1.82251,4.25781,1.64917
4.55444,3.32275,3.61938,4.50806,4.24805,1.82129,4.25781,1.65039
4.55688,3.32397,3.61938,4.50928,4.25049,1.82251,4.25781,1.64917
4.55688,3.32275,3.62061,4.5105,4.25049,1.82251,4.25537,1.64795
4.55566,3.32397,3.62061,4.51172,4.25049,1.82251,4.25781,1.64917
4.55566,3.32397,3.62061,4.50928,4.24805,1.82129,4.25537,1.64795
4.55688,3.32275,3.62061,4.5105,4.24927,1.82251,4.25537,1.64795
4.55688,3.32275,3.62183,4.51172,4.25049,1.82251,4.25659,1.64917
4.55566,3.3252,3.62061,4.5105,4.25049,1.82251,4.25781,1.64917
4.55444,3.32397,3.61938,4.50806,4.24927,1.82373,4.26025,1.64917
4.55566,3.3252,3.62061,4.5105,4.25049,1.82373,4.25781,1.65039
4.55444,3.3252,3.61938,4.50806,4.24805,1.82251,4.25903,1.65161
4.55444,3.3252,3.62061,4.51172,4.25293,1.82373,4.25659,1.64917
4.55688,3.32397,3.62183,4.51172,4.25049,1.82373,4.25659,1.64917
4.55444,3.32642,3.61938,4.50806,4.24805,1.82251,4.25781,1.65039
4.55688,3.32397,3.62183,4.51172,4.25049,1.82373,4.25659,1.64917
4.55444,3.3252,3.61938,4.50806,4.24805,1.82251,4.25903,1.65161
4.55566,3.33008,3.61938,4.50928,4.24805,1.82251,4.25781,1.65039
4.55444,3.32642,3.62061,4.51172,4.25415,1.82251,4.25781,1.65039
4.55566,3.33008,3.62061,4.50928,4.24805,1.82129,4.25781,1.65039
4.55811,3.32642,3.62183,4.5105,4.25049,1.82251,4.25781,1.65039
4.55933,3.32642,3.62061,4.5105,4.25049,1.82251,4.25903,1.65039
4.55566,3.32642,3.62183,4.51172,4.25049,1.82251,4.25903,1.65039
4.55566,3.32642,3.62183,4.51416,4.24927,1.82251,4.25781,1.65039
4.55688,3.32642,3.62183,4.5105,4.24927,1.82251,4.25659,1.65039
4.55688,3.32642,3.62183,4.51172,4.25049,1.82373,4.25781,1.65039
4.55688,3.32642,3.62183,4.51172,4.25049,1.82495,4.25903,1.65161
4.55688,3.32764,3.62549,4.5105,4.24927,1.82373,4.25903,1.65161
4.55688,3.32764,3.62183,4.50928,4.24927,1.82373,4.25659,1.65039
4.55566,3.33008,3.62061,4.50928,4.24805,1.82373,4.25781,1.65161
4.55811,3.32886,3.62183,4.5105,4.25049,1.82495,4.25903,1.65161
4.55566,3.32886,3.62183,4.5105,4.25049,1.82495,4.26025,1.65161
4.55566,3.32886,3.62305,4.5105,4.25049,1.82495,4.25903,1.65161
4.55566,3.32886,3.62305,4.5105,4.25049,1.82495,4.25903,1.65161
4.55444,3.32886,3.62061,4.50928,4.25049,1.82617,4.25903,1.65161
4.55688,3.32764,3.62183,4.5105,4.25049,1.82373,4.25781,1.65039
4.55566,3.32886,3.62305,4.5105,4.25049,1.82373,4.25903,1.65161
4.55688,3.32886,3.62305,4.51172,4.25171,1.82495,4.26025,1.65161
4.55444,3.32886,3.62061,4.50928,4.25049,1.82495,4.26147,1.65161
4.55688,3.32886,3.62305,4.51172,4.25171,1.82373,4.26025,1.65161
4.55566,3.33008,3.62183,4.5105,4.25171,1.82373,4.26025,1.65283
4.55811,3.33008,3.62183,4.5105,4.25049,1.82373,4.26025,1.65283
4.55688,3.33008,3.62183,4.50928,4.24927,1.82251,4.25903,1.65161
4.55688,3.33008,3.62183,4.50928,4.24927,1.82251,4.25903,1.65161
4.55688,3.32886,3.62183,4.5105,4.25049,1.82129,4.25903,1.65161
4.55688,3.33008,3.62183,4.50928,4.24927,1.82129,4.25903,1.65161
4.56299,3.3313,3.62183,4.5105,4.25049,1.82129,4.26147,1.65283
4.56055,3.3313,3.62183,4.5105,4.25049,1.82129,4.26147,1.65283
4.55566,3.3313,3.62061,4.50806,4.24927,1.82129,4.26025,1.65405
4.55688,3.3313,3.62305,4.51172,4.25171,1.82129,4.26147,1.65283
4.55688,3.33252,3.62183,4.50928,4.24927,1.82007,4.26025,1.65283
4.55688,3.3313,3.62183,4.50928,4.24927,1.82007,4.25903,1.65283
4.55688,3.33008,3.62305,4.51172,4.25171,1.82129,4.26147,1.65283
4.55688,3.3313,3.62183,4.50928,4.24927,1.82007,4.25903,1.65283
4.55811,3.33008,3.62305,4.5105,4.25049,1.82129,4.26025,1.65283
4.55688,3.3313,3.62305,4.51172,4.25171,1.82251,4.26147,1.65283
4.55688,3.3313,3.62305,4.51172,4.25171,1.82251,4.2627,1.65283
4.55566,3.33252,3.62305,4.51172,4.25537,1.82129,4.26147,1.65283
4.55566,3.33252,3.62427,4.5105,4.25049,1.82129,4.26147,1.65283
4.55688,3.33252,3.62305,4.51172,4.25171,1.82251,4.2627,1.65405
4.55566,3.33252,3.62183,4.50806,4.24927,1.82129,4.2627,1.65527
4.55688,3.33252,3.62427,4.5105,4.25049,1.82251,4.2627,1.65405
4.55688,3.33374,3.62183,4.5105,4.25049,1.82373,4.2627,1.65405
4.55688,3.3313,3.62305,4.51172,4.25171,1.82373,4.26147,1.65283
4.55688,3.33252,3.62305,4.51172,4.25171,1.82495,4.2627,1.65405
4.55688,3.33374,3.62305,4.5105,4.25049,1.82495,4.2627,1.65405
4.55688,3.33374,3.62305,4.5105,4.25049,1.82495,4.2627,1.65405
4.55688,3.33374,3.62305,4.51172,4.25171,1.82617,4.2627,1.65405
4.55444,3.33374,3.62183,4.50928,4.25049,1.82617,4.26636,1.65405
4.55933,3.33496,3.62305,4.5105,4.25049,1.82495,4.2627,1.65405
4.55688,3.33496,3.62305,4.5105,4.25171,1.82495,4.2627,1.65405
4.55444,3.33374,3.62183,4.50928,4.25171,1.82617,4.26147,1.65405
4.55688,3.33496,3.62183,4.50928,4.24927,1.82373,4.26025,1.65405
4.55688,3.33374,3.62305,4.51172,4.25171,1.82495,4.2627,1.65405
4.55811,3.33252,3.62427,4.5105,4.25171,1.82373,4.26147,1.65405
4.55688,3.33496,3.62305,4.5105,4.25171,1.82495,4.26392,1.65405
4.55688,3.33374,3.62427,4.51172,4.25171,1.82495,4.2627,1.65405
4.55688,3.33618,3.62305,4.5105,4.25171,1.82495,4.26392,1.65527
4.55688,3.33496,3.62305,4.5105,4.25049,1.82373,4.26147,1.65405
4.55688,3.33374,3.62427,4.51172,4.25293,1.82495,4.26392,1.65405
4.55688,3.33496,3.62305,4.51172,4.25293,1.82495,4.26392,1.65405
4.55688,3.33618,3.62305,4.5105,4.25293,1.82495,4.26392,1.65527
4.55811,3.33374,3.62427,4.51172,4.25293,1.82495,4.2627,1.65405
4.55688,3.33618,3.62305,4.5105,4.25293,1.82495,4.26392,1.65527
4.55566,3.33862,3.62183,4.50806,4.25049,1.82373,4.26392,1.65527
4.55688,3.33618,3.62305,4.51172,4.25293,1.82495,4.26514,1.65527
4.55811,3.33496,3.62305,4.51172,4.25415,1.82495,4.26392,1.65405
4.55566,3.33618,3.62061,4.50928,4.25171,1.82373,4.26514,1.65649
4.55688,3.33618,3.62305,4.51172,4.25415,1.82373,4.26514,1.65527
4.55688,3.33618,3.62305,4.51172,4.25415,1.82373,4.26514,1.65527
4.55811,3.33496,3.62305,4.51172,4.25293,1.82373,4.26392,1.65405
4.55444,3.33618,3.62061,4.50928,4.25415,1.82617,4.26392,1.65527
4.55444,3.3374,3.62183,4.51172,4.25537,1.82495,4.26392,1.65527
4.55444,3.3374,3.62061,4.50928,4.25293,1.82495,4.26392,1.65527
4.55688,3.33618,3.62305,4.5105,4.25171,1.82251,4.2627,1.65405
4.56055,3.33862,3.62183,4.5105,4.25293,1.82373,4.26514,1.65527
4.55444,3.3374,3.62061,4.50928,4.25415,1.82617,4.26392,1.65527
4.55688,3.3374,3.62305,4.51172,4.25415,1.82373,4.26514,1.65527
4.55688,3.33984,3.62183,4.50928,4.25171,1.82251,4.26392,1.65527
4.55688,3.3374,3.62183,4.50928,4.25171,1.82251,4.26392,1.65527
4.55688,3.33984,3.62183,4.50928,4.25171,1.82251,4.26392,1.65527
4.55566,3.33862,3.62183,4.51172,4.25781,1.82373,4.26514,1.65527
4.55566,3.33862,3.62305,4.51294,4.25659,1.82373,4.26514,1.65527
4.55688,3.33862,3.62305,4.51172,4.25415,1.82495,4.26636,1.65649
4.55688,3.33862,3.62305,4.51172,4.25415,1.82495,4.26636,1.65527
4.55688,3.33862,3.62305,4.51172,4.25415,1.82495,4.26636,1.65527
4.55444,3.33862,3.62061,4.50928,4.25415,1.82617,4.26514,1.65527
4.55566,3.33984,3.62305,4.51416,4.25415,1.82373,4.26514,1.65649
4.55811,3.3374,3.62305,4.51172,4.25415,1.82251,4.26514,1.65527
4.55811,3.3374,3.62305,4.5105,4.25293,1.82251,4.26392,1.65527
4.55688,3.33984,3.62183,4.50928,4.25171,1.82129,4.26392,1.65527
4.55444,3.33984,3.62061,4.50928,4.25415,1.82251,4.26636,1.65527
4.55688,3.33984,3.62305,4.51172,4.25537,1.82129,4.26758,1.65649
4.55688,3.33984,3.62183,4.51172,4.25415,1.82007,4.26758,1.65649
4.55566,3.33984,3.62305,4.51294,4.25659,1.81885,4.26636,1.65649
4.55688,3.33862,3.62305,4.51172,4.25537,1.82007,4.26636,1.65649
4.55444,3.33984,3.62183,4.51172,4.25781,1.81885,4.26636,1.65649
4.55688,3.34106,3.62305,4.51172,4.25537,1.82007,4.2688,1.65649
4.55811,3.33862,3.62305,4.51172,4.25415,1.81885,4.26636,1.65527
4.55444,3.34106,3.62061,4.50928,4.25415,1.82007,4.2688,1.65649
4.55688,3.33984,3.62305,4.51172,4.25537,1.82007,4.26758,1.65649
4.55688,3.34106,3.62183,4.51172,4.25415,1.82007,4.2688,1.65649
4.55688,3.34106,3.62305,4.51172,4.25415,1.82007,4.2688,1.65649
4.55688,3.33984,3.62305,4.5105,4.25293,1.81885,4.26514,1.65527
4.55811,3.33984,3.62305,4.5105,4.25415,1.81885,4.26636,1.65527
4.55688,3.34229,3.62183,4.50928,4.25171,1.81885,4.26636,1.65649
4.55566,3.34106,3.62061,4.50928,4.25293,1.82007,4.27246,1.65649
4.55444,3.34106,3.62061,4.50928,4.25415,1.82129,4.2688,1.65649
4.55688,3.34351,3.62183,4.50928,4.25171,1.82007,4.26636,1.65649
4.55688,3.34229,3.62305,4.51172,4.25415,1.82129,4.2688,1.65649
4.55811,3.34106,3.62427,4.51172,4.25415,1.82129,4.26758,1.65649
4.55688,3.34229,3.62305,4.51172,4.25415,1.82129,4.2688,1.65649
4.55811,3.34106,3.62427,4.51172,4.25415,1.82007,4.26758,1.65649
4.55688,3.34229,3.62305,4.51172,4.25415,1.82007,4.2688,1.65649
4.55688,3.34229,3.62305,4.51172,4.25415,1.82007,4.2688,1.65649
4.55811,3.34106,3.62427,4.51172,4.25415,1.82007,4.26636,1.65649
4.55933,3.34351,3.62305,4.5105,4.25293,1.82007,4.2688,1.65649
4.55811,3.34229,3.62305,4.5105,4.25171,1.81885,4.26636,1.65527
4.55688,3.34351,3.62183,4.5105,4.25171,1.81885,4.26636,1.65649
4.55566,3.34351,3.62183,4.50928,4.25171,1.81885,4.26758,1.65771
4.55566,3.34351,3.62183,4.50928,4.25293,1.82129,4.27246,1.65649
4.55566,3.34351,3.62305,4.51172,4.25781,1.81885,4.26758,1.65649
4.55811,3.34229,3.62427,4.51172,4.25293,1.81885,4.26758,1.65649
4.55688,3.34473,3.62183,4.50928,4.25171,1.81885,4.26758,1.65649
4.55933,3.34473,3.62305,4.5105,4.25293,1.81885,4.2688,1.65771
4.55688,3.34351,3.62427,4.5105,4.25293,1.81885,4.26758,1.65649
4.55811,3.34229,3.62427,4.51172,4.25293,1.81885,4.26636,1.65649
4.55566,3.34473,3.62305,4.51294,4.25415,1.81885,4.26758,1.65649
4.55811,3.34229,3.62427,4.51172,4.25293,1.81885,4.26758,1.65649
4.55688,3.34473,3.62305,4.5105,4.25171,1.81885,4.26636,1.65649
4.55811,3.34229,3.62427,4.51172,4.25293,1.81885,4.26758,1.65649
4.55811,3.34473,3.62549,4.5105,4.25293,1.81885,4.2688,1.65771
4.56055,3.34473,3.62793,4.51172,4.25293,1.81885,4.2688,1.65771
4.55688,3.34595,3.62305,4.50928,4.25049,1.81885,4.26758,1.65649
4.55688,3.34961,3.62183,4.50928,4.25049,1.81885,4.26758,1.65771
4.55811,3.34351,3.62427,4.51172,4.25171,1.81885,4.26636,1.65649
4.55811,3.34351,3.62427,4.51294,4.25293,1.82007,4.2688,1.65771
4.55688,3.34473,3.62305,4.5105,4.25049,1.81885,4.26758,1.65649
4.55688,3.34839,3.62183,4.50928,4.25049,1.81885,4.26758,1.65771
4.55688,3.34595,3.62305,4.5105,4.25049,1.81885,4.26758,1.65649
4.55688,3.34595,3.62305,4.5105,4.25049,1.81885,4.26758,1.65771
4.55566,3.34595,3.62183,4.50928,4.25049,1.82007,4.27246,1.65771
4.55688,3.34595,3.62427,4.51172,4.25293,1.82129,4.2688,1.65771
4.55688,3.34595,3.62305,4.51172,4.25293,1.82129,4.27002,1.65771
4.55566,3.34595,3.62305,4.51416,4.25171,1.82007,4.26758,1.65771
4.55688,3.34595,3.62305,4.51172,4.25293,1.82129,4.2688,1.65771
4.55688,3.34717,3.62305,4.51172,4.25171,1.82007,4.2688,1.65771
4.55688,3.34595,3.62427,4.51172,4.25293,1.82007,4.2688,1.65771
4.55811,3.34473,3.62427,4.51172,4.25171,1.81885,4.26758,1.65771
4.56055,3.34717,3.62305,4.51172,4.25171,1.81885,4.2688,1.65771
4.55811,3.34595,3.62427,4.51172,4.25293,1.81885,4.2688,1.65771
4.55566,3.34717,3.62183,4.51172,4.25293,1.82007,4.2688,1.65771
4.55688,3.34717,3.62305,4.51172,4.25293,1.81763,4.27002,1.65894
4.55811,3.34595,3.62427,4.5105,4.25171,1.81763,4.26758,1.65771
4.55566,3.34717,3.62183,4.50928,4.25049,1.81763,4.27002,1.65894
4.55688,3.34717,3.62427,4.51172,4.25293,1.81763,4.27002,1.65771
4.55566,3.34717,3.62183,4.50928,4.25171,1.81885,4.27246,1.65771
4.56055,3.34839,3.62305,4.51172,4.25171,1.81763,4.27002,1.65894
4.55811,3.34595,3.62427,4.51294,4.25293,1.81763,4.2688,1.65771
4.55688,3.35205,3.62183,4.50928,4.25049,1.81641,4.2688,1.66016
4.55688,3.34717,3.62183,4.50928,4.25049,1.81641,4.27002,1.66016
4.55811,3.34717,3.62427,4.5105,4.25049,1.81641,4.26758,1.65771
4.56299,3.34839,3.62305,4.51172,4.25171,1.81641,4.27002,1.65894
4.55566,3.34839,3.62183,4.50928,4.25049,1.81641,4.27246,1.65894
4.55811,3.34717,3.62427,4.5105,4.25049,1.81519,4.26758,1.65771
4.55811,3.34717,3.62427,4.51294,4.25293,1.81641,4.27002,1.65894
4.55566,3.34839,3.62183,4.50928,4.25049,1.81641,4.27124,1.65894
4.55811,3.34717,3.62427,4.51294,4.25293,1.81641,4.27002,1.65771
4.55811,3.34717,3.62549,4.51294,4.25293,1.81519,4.27002,1.65894
4.55811,3.34839,3.62427,4.51294,4.25293,1.81641,4.27124,1.65894
4.55688,3.34961,3.62427,4.51172,4.25293,1.81519,4.27124,1.65894
4.55811,3.34839,3.62549,4.51294,4.25293,1.81519,4.27002,1.65771
4.55933,3.34961,3.62427,4.51172,4.25293,1.81519,4.27124,1.65894
4.55811,3.34839,3.62549,4.51172,4.25293,1.81519,4.27002,1.65771
4.55566,3.34961,3.62305,4.51172,4.25781,1.81519,4.27124,1.65894
4.55566,3.34961,3.62305,4.51172,4.25293,1.81641,4.27124,1.65894
4.55688,3.34961,3.62305,4.50928,4.25049,1.81396,4.27246,1.66016
4.56055,3.35083,3.62915,4.51172,4.25293,1.81519,4.27124,1.65894
4.55688,3.35083,3.62427,4.51172,4.25293,1.81519,4.27246,1.65894
4.55566,3.34961,3.62305,4.50928,4.25171,1.81641,4.27368,1.65894
4.55566,3.34961,3.62305,4.50928,4.25171,1.81641,4.27368,1.65894
4.55688,3.35083,3.62427,4.51172,4.25293,1.81641,4.27246,1.66016
4.55933,3.35083,3.62427,4.51172,4.25293,1.81641,4.27246,1.66016
4.55688,3.35083,3.62427,4.51172,4.25293,1.81641,4.27246,1.66016
4.55688,3.35083,3.62549,4.5166,4.25293,1.81641,4.27246,1.65894
4.55566,3.35083,3.62305,4.51172,4.25415,1.81885,4.27124,1.65894
4.55688,3.35083,3.62549,4.51172,4.25293,1.81641,4.27368,1.66016
4.55688,3.35205,3.62427,4.51172,4.25293,1.81641,4.27246,1.66016
4.55688,3.35205,3.62549,4.51172,4.25293,1.81641,4.27368,1.66016
4.55811,3.34961,3.62549,4.51294,4.25293,1.81519,4.27124,1.65894
4.55811,3.35083,3.62549,4.51294,4.25293,1.81641,4.27246,1.65894
4.55933,3.35205,3.62427,4.51172,4.25293,1.81641,4.27246,1.66016
4.55688,3.35205,3.62671,4.51538,4.25171,1.81641,4.27246,1.66016
4.55688,3.35571,3.62427,4.50928,4.25049,1.81641,4.27246,1.66016
4.55811,3.35083,3.62549,4.51172,4.25293,1.81641,4.27124,1.65894
4.55566,3.35205,3.62549,4.51294,4.25171,1.81641,4.27246,1.66016
4.56055,3.35205,3.62427,4.51172,4.25293,1.81641,4.27246,1.66016
4.55566,3.35205,3.62305,4.50928,4.25293,1.81641,4.27612,1.65894
4.56055,3.35327,3.62671,4.51172,4.25293,1.81519,4.27246,1.66016
4.55688,3.35205,3.62549,4.51172,4.25415,1.81519,4.27368,1.66016
4.55688,3.35205,3.62427,4.5105,4.25171,1.81396,4.27002,1.65894
4.55688,3.35205,3.62549,4.51172,4.25415,1.81519,4.27368,1.66016
4.55688,3.35327,3.62671,4.5166,4.25293,1.81519,4.27246,1.66016
4.55566,3.35205,3.62427,4.51172,4.25415,1.81519,4.27246,1.66016
4.55688,3.35327,3.62427,4.51172,4.25415,1.81519,4.27368,1.66016
4.55811,3.35327,3.62793,4.51172,4.25293,1.81519,4.27246,1.66016
4.55566,3.35327,3.62305,4.50928,4.25293,1.81641,4.27612,1.66016
4.55811,3.35205,3.62549,4.51294,4.25415,1.81519,4.27246,1.66016
4.55811,3.35449,3.62793,4.51294,4.25293,1.81519,4.27368,1.66016
4.55688,3.35327,3.62549,4.51172,4.25415,1.81641,4.27368,1.66016
4.55688,3.35327,3.62549,4.51172,4.25415,1.81641,4.2749,1.66016
4.55811,3.35205,3.62549,4.51294,4.25415,1.81763,4.27246,1.66016
4.55688,3.35327,3.62549,4.51172,4.25415,1.81763,4.2749,1.66138
4.55811,3.35205,3.62549,4.5105,4.25293,1.81641,4.27246,1.66016
4.55811,3.35205,3.62549,4.51172,4.25293,1.81763,4.27246,1.66016
4.55811,3.35205,3.62549,4.51172,4.25293,1.81641,4.27246,1.66016
4.55688,3.35571,3.62427,4.5105,4.25171,1.81641,4.27246,1.66016
4.55688,3.35449,3.62549,4.51172,4.25415,1.81763,4.2749,1.66138
4.55566,3.35449,3.62427,4.50928,4.25293,1.81641,4.27734,1.66138
4.55566,3.35449,3.62427,4.5105,4.25293,1.81763,4.27612,1.66138
4.55566,3.35449,3.62427,4.51172,4.25781,1.81641,4.27368,1.66138
4.56299,3.35571,3.62549,4.51172,4.25293,1.81641,4.2749,1.66138
4.55688,3.35571,3.62549,4.51172,4.25415,1.81641,4.2749,1.66138
4.55566,3.35449,3.62427,4.51172,4.25659,1.81519,4.27368,1.66138
4.55688,3.35693,3.62427,4.50928,4.25171,1.81519,4.27368,1.6626
4.55688,3.35449,3.62549,4.5105,4.25293,1.81519,4.27246,1.66138
4.55811,3.35327,3.62549,4.51172,4.25415,1.81519,4.27246,1.66138
4.55688,3.35571,3.62549,4.51172,4.25415,1.81519,4.2749,1.6626
4.55688,3.35571,3.62671,4.51538,4.25415,1.81519,4.27368,1.6626
4.55688,3.35815,3.62427,4.50928,4.25171,1.81396,4.27368,1.6626
4.55688,3.35815,3.62427,4.50928,4.25171,1.81396,4.27368,1.6626
4.55688,3.35815,3.62427,4.50928,4.25171,1.81396,4.27368,1.66382
4.55566,3.35571,3.62427,4.51172,4.25781,1.81519,4.27368,1.6626
4.55688,3.35938,3.62427,4.5105,4.25171,1.81519,4.27246,1.6626
4.55811,3.35571,3.62549,4.51294,4.25537,1.81641,4.2749,1.6626
4.55688,3.35571,3.62549,4.51172,4.25537,1.81641,4.2749,1.66382
4.55566,3.35571,3.62305,4.50928,4.25415,1.81641,4.27612,1.66382
4.56055,3.35693,3.62549,4.51172,4.25415,1.81641,4.2749,1.66382
4.55688,3.35693,3.62549,4.51172,4.25415,1.81641,4.2749,1.66382
4.55811,3.35449,3.62549,4.51172,4.25415,1.81641,4.27246,1.66382
4.55688,3.35693,3.62427,4.5105,4.25293,1.81519,4.27246,1.66382
4.55688,3.35693,3.62549,4.51172,4.25415,1.81641,4.2749,1.66504
4.55566,3.35571,3.62427,4.51172,4.25781,1.81885,4.27368,1.66504
4.55688,3.35693,3.62549,4.51172,4.25415,1.81641,4.2749,1.66504
4.55811,3.35449,3.62549,4.51172,4.25415,1.81519,4.27246,1.66382
4.55688,3.35571,3.62427,4.50928,4.25293,1.81519,4.27368,1.66626
4.55566,3.35693,3.62427,4.51172,4.25781,1.81519,4.27368,1.66504
4.55688,3.35693,3.62549,4.51172,4.25537,1.81641,4.2749,1.66626
4.56299,3.35693,3.62549,4.51172,4.25415,1.81519,4.2749,1.66626
4.55811,3.35571,3.62549,4.51172,4.25415,1.81519,4.27246,1.66504
4.55811,3.35693,3.62549,4.5105,4.25293,1.81396,4.27246,1.66504
4.55566,3.35693,3.62427,4.51172,4.25415,1.81641,4.27368,1.66626
4.55811,3.35693,3.62549,4.5105,4.25293,1.81519,4.27246,1.66626
4.55811,3.35571,3.62549,4.51294,4.25415,1.81519,4.27368,1.66626
4.55688,3.35815,3.62427,4.5105,4.25171,1.81519,4.27246,1.66748
4.55811,3.35815,3.62793,4.51782,4.25415,1.81519,4.27368,1.66748
4.55811,3.35571,3.62549,4.51172,4.25293,1.81519,4.27246,1.66626
4.55688,3.35815,3.62549,4.51172,4.25415,1.81519,4.2749,1.66748
4.55688,3.35815,3.62549,4.51416,4.25659,1.81519,4.27368,1.66748
4.55688,3.35693,3.62427,4.50928,4.25293,1.81519,4.27734,1.6687
4.55811,3.35693,3.62549,4.51294,4.25537,1.81519,4.27368,1.66748
4.55688,3.35815,3.62427,4.5105,4.25293,1.81519,4.27734,1.6687
4.55811,3.35938,3.62793,4.51172,4.25415,1.81519,4.27368,1.6687
4.56055,3.35938,3.63037,4.51172,4.25415,1.81641,4.2749,1.6687
4.55811,3.35938,3.62549,4.51172,4.25415,1.81641,4.2749,1.6687
4.55688,3.35815,3.62427,4.5105,4.25293,1.81519,4.2749,1.67114
4.55933,3.35693,3.62671,4.51294,4.25537,1.81519,4.27368,1.6687
4.55811,3.35938,3.62549,4.51172,4.25537,1.81519,4.2749,1.66992
4.56055,3.35938,3.62915,4.51172,4.25415,1.81519,4.2749,1.66992
4.55688,3.35938,3.62427,4.51172,4.25537,1.81641,4.2749,1.66992
4.55811,3.35815,3.62549,4.51294,4.25537,1.81519,4.2749,1.66992
4.55811,3.35938,3.62549,4.51294,4.25415,1.81519,4.27612,1.67114
4.55811,3.35938,3.62549,4.51294,4.25415,1.81396,4.27612,1.67114
4.55811,3.35938,3.62549,4.51294,4.25537,1.81396,4.27612,1.67114
4.55933,3.35815,3.62549,4.51294,4.25537,1.81274,4.2749,1.67114
4.55811,3.3606,3.62549,4.51294,4.25415,1.81274,4.27612,1.67236
4.55811,3.3606,3.62549,4.51294,4.25415,1.81152,4.27612,1.67236
4.55811,3.3606,3.62549,4.51294,4.25415,1.81152,4.27612,1.67236
4.55933,3.35938,3.62549,4.51172,4.25293,1.8103,4.27246,1.67114
4.55688,3.3606,3.62549,4.51294,4.25781,1.8103,4.2749,1.67236
4.55688,3.35938,3.62427,4.5105,4.25293,1.80908,4.27734,1.6748
4.55688,3.35938,3.62427,4.51172,4.25415,1.8103,4.27612,1.67236
4.55933,3.3606,3.62671,4.51416,4.25537,1.80908,4.27612,1.67358
4.55688,3.3606,3.62427,4.51172,4.25293,1.80908,4.27734,1.67358
4.55688,3.3606,3.62427,4.51172,4.25293,1.80908,4.27734,1.67603
4.56055,3.35938,3.62671,4.51294,4.25537,1.80908,4.27368,1.67358
4.55933,3.3606,3.62671,4.51294,4.25537,1.8103,4.27612,1.6748
4.55811,3.36182,3.62671,4.51294,4.25537,1.80908,4.27612,1.6748
4.55933,3.35938,3.62671,4.51294,4.25415,1.80908,4.27368,1.6748
4.55933,3.36182,3.62671,4.51294,4.25537,1.80908,4.27612,1.67603
4.55811,3.3606,3.62549,4.5105,4.25415,1.80908,4.2749,1.67725
4.55933,3.36182,3.62671,4.51416,4.25659,1.80908,4.27612,1.67603
4.55933,3.36182,3.62671,4.51294,4.25659,1.80908,4.27612,1.67725
4.55933,3.36304,3.62549,4.51172,4.25415,1.80786,4.27368,1.67725
4.55811,3.36182,3.62671,4.5166,4.25659,1.80786,4.2749,1.67725
4.55933,3.36182,3.62793,4.51538,4.25537,1.80786,4.2749,1.67725
4.55933,3.36182,3.62793,4.51904,4.25537,1.80786,4.2749,1.67847
4.56055,3.36182,3.62793,4.51294,4.25537,1.80786,4.2749,1.67847
4.55811,3.36548,3.62549,4.51172,4.25415,1.80786,4.2749,1.67969
4.55688,3.36182,3.62549,4.51416,4.25903,1.80786,4.2749,1.67969
4.55933,3.36182,3.62793,4.51416,4.25781,1.80786,4.27612,1.67969
4.56055,3.3606,3.62793,4.51416,4.25659,1.80786,4.27368,1.67969
4.56055,3.36182,3.62793,4.51416,4.25659,1.80664,4.2749,1.67969
4.55811,3.36304,3.62549,4.51172,4.25415,1.80664,4.2749,1.68213
4.56055,3.3606,3.62793,4.51416,4.25659,1.80664,4.27368,1.68091
4.56177,3.36304,3.62671,4.51294,4.25537,1.80664,4.27612,1.68091
4.56055,3.36182,3.62793,4.51416,4.25659,1.80664,4.27612,1.68091
4.55933,3.36304,3.62671,4.51294,4.25415,1.8042,4.27368,1.68091
4.55933,3.36426,3.62671,4.51416,4.25659,1.80542,4.27612,1.68213
4.55933,3.36426,3.62671,4.51294,4.25659,1.80542,4.27612,1.68335
4.56055,3.36304,3.62793,4.51538,4.25659,1.80542,4.27612,1.68335
4.56055,3.36304,3.62793,4.51416,4.25781,1.80542,4.27612,1.68335
4.56055,3.36182,3.62793,4.51416,4.25659,1.80542,4.27368,1.68335
4.55933,3.36426,3.62671,4.51416,4.25781,1.80542,4.27612,1.68457
4.55933,3.36426,3.62671,4.51416,4.25659,1.80542,4.27612,1.68457
4.56055,3.36426,3.62671,4.51294,4.25537,1.80542,4.27368,1.68457
4.56177,3.36548,3.63037,4.51416,4.25659,1.80542,4.27612,1.68579
4.56055,3.36548,3.63281,4.51538,4.25659,1.80542,4.2749,1.68579
4.56055,3.36304,3.62793,4.51538,4.25781,1.80542,4.2749,1.68579
4.56055,3.36548,3.62915,4.51538,4.25659,1.80542,4.2749,1.68701
4.55933,3.36548,3.62671,4.51416,4.25781,1.80542,4.27612,1.68701
4.56055,3.36548,3.62793,4.51416,4.25781,1.80542,4.27612,1.68701
4.56055,3.36426,3.62793,4.51294,4.25659,1.8042,4.27368,1.68701
4.56177,3.36426,3.62793,4.51416,4.25659,1.8042,4.27368,1.68701
4.55811,3.36548,3.62671,4.51416,4.2627,1.8042,4.2749,1.68823
4.56055,3.36548,3.62793,4.51538,4.25781,1.8042,4.27612,1.68823
4.56055,3.36548,3.63281,4.51416,4.25659,1.80298,4.27612,1.68945
4.56543,3.3667,3.62793,4.51416,4.25781,1.80298,4.27612,1.68945
4.56055,3.36548,3.62793,4.51416,4.25537,1.80298,4.27368,1.68945
4.56177,3.36426,3.62793,4.51538,4.25659,1.80298,4.2749,1.68945
4.56055,3.3667,3.62793,4.51416,4.25781,1.8042,4.27612,1.69067
4.55811,3.36548,3.62671,4.51294,4.25659,1.8042,4.27979,1.69067
4.56177,3.36426,3.62915,4.51538,4.25659,1.8042,4.27368,1.68945
4.56055,3.3667,3.62793,4.51538,4.25781,1.80542,4.27612,1.69067
4.56055,3.3667,3.62793,4.51416,4.25781,1.80542,4.27612,1.69189
4.56055,3.3667,3.62793,4.51416,4.25537,1.8042,4.27368,1.69067
4.55933,3.3667,3.62793,4.5166,4.25659,1.80542,4.2749,1.69189
4.56055,3.36792,3.62793,4.51416,4.25659,1.80542,4.27612,1.69312
4.56055,3.3667,3.62915,4.51538,4.25659,1.80542,4.2749,1.69312
4.56055,3.3667,3.62915,4.51538,4.25781,1.80542,4.27612,1.69312
4.56055,3.36792,3.62793,4.51416,4.25781,1.80542,4.27612,1.69312
4.56055,3.3667,3.62793,4.51416,4.25537,1.8042,4.27368,1.69312
4.55811,3.36792,3.62793,4.5166,4.26025,1.8042,4.2749,1.69312
4.56177,3.3667,3.62915,4.51416,4.25537,1.80298,4.27368,1.69312
4.56177,3.3667,3.62915,4.51416,4.25537,1.80298,4.27368,1.69312
4.56055,3.36792,3.62793,4.51416,4.25537,1.80298,4.27368,1.69434
4.56055,3.36914,3.62793,4.51416,4.25415,1.80298,4.27368,1.69434
4.56177,3.3667,3.62915,4.51538,4.25659,1.80298,4.2749,1.69434
4.55933,3.36792,3.62671,4.51294,4.25537,1.80298,4.27734,1.69556
4.56055,3.36914,3.62793,4.51416,4.25659,1.80298,4.27734,1.69556
4.55933,3.36792,3.62671,4.51294,4.25781,1.8042,4.27612,1.69556
4.55933,3.36792,3.62671,4.51294,4.25537,1.80298,4.27612,1.69556
4.56055,3.36914,3.62915,4.51538,4.25781,1.80298,4.27734,1.69678
4.56177,3.36914,3.62793,4.51416,4.25659,1.80298,4.27734,1.69678
4.56421,3.37036,3.62793,4.51416,4.25781,1.80298,4.27734,1.69678
4.55933,3.36914,3.62671,4.51416,4.25781,1.8042,4.27612,1.69678
4.55933,3.36914,3.62793,4.5166,4.25659,1.80298,4.27612,1.69678
4.55933,3.36914,3.62671,4.51416,4.25781,1.80298,4.27612,1.698
4.56055,3.37036,3.63037,4.51904,4.25659,1.80176,4.27734,1.698
4.56055,3.37036,3.62793,4.51294,4.25537,1.80054,4.2749,1.698
4.56177,3.36792,3.62915,4.51538,4.25659,1.80054,4.27612,1.698
4.56177,3.36792,3.62915,4.51538,4.25659,1.80054,4.27612,1.698
4.56177,3.36914,3.62915,4.51538,4.25659,1.80054,4.27612,1.698
4.56543,3.37036,3.62915,4.51416,4.25659,1.80054,4.27734,1.69922
4.56177,3.36914,3.62915,4.51538,4.25659,1.79932,4.27612,1.698
4.56055,3.37036,3.62915,4.51538,4.25781,1.80054,4.27856,1.69922
4.55933,3.3728,3.62793,4.51294,4.25415,1.79932,4.27734,1.70044
4.55933,3.37036,3.62793,4.51294,4.25537,1.80054,4.28223,1.69922
4.56055,3.37036,3.62915,4.51538,4.25781,1.80054,4.27856,1.70044
4.56177,3.37036,3.63037,4.51538,4.25781,1.80054,4.27734,1.70044
4.56177,3.37158,3.63159,4.51416,4.25659,1.80054,4.27734,1.70044
4.56177,3.37036,3.62915,4.51416,4.25537,1.80054,4.27612,1.70044
4.56177,3.37158,3.63159,4.51416,4.25659,1.80054,4.27734,1.70044
4.56055,3.37402,3.62793,4.51294,4.25537,1.80054,4.27734,1.70044
4.55933,3.37158,3.62793,4.51538,4.26025,1.80054,4.27734,1.70166
4.56055,3.37158,3.62915,4.51538,4.25781,1.80054,4.27856,1.70166
4.56177,3.37036,3.63037,4.51538,4.25781,1.80054,4.27734,1.70166
4.55933,3.37158,3.62793,4.51416,4.25781,1.80298,4.27734,1.70166
4.56055,3.3728,3.63037,4.52026,4.25659,1.80054,4.27856,1.70166
4.55811,3.37158,3.62793,4.51538,4.26025,1.80054,4.27734,1.70166
4.55933,3.3728,3.62793,4.51294,4.25415,1.80054,4.27734,1.70288
4.56055,3.37402,3.62793,4.51294,4.25415,1.80176,4.27734,1.70288
4.56177,3.37158,3.62915,4.51416,4.25537,1.80176,4.27612,1.70166
4.56055,3.37524,3.62915,4.51294,4.25415,1.80176,4.27734,1.70288
4.56177,3.3728,3.62915,4.51416,4.25537,1.80298,4.27856,1.7041
4.55933,3.3728,3.62793,4.51416,4.25781,1.8042,4.27734,1.70288
4.55933,3.3728,3.62793,4.51416,4.25781,1.8042,4.27734,1.70288
4.55933,3.3728,3.62793,4.51538,4.25903,1.80176,4.27734,1.7041
4.56177,3.37158,3.62915,4.51416,4.25415,1.80176,4.27612,1.70288
4.55933,3.37646,3.62793,4.51294,4.25415,1.80176,4.27734,1.7041
4.55933,3.3728,3.62915,4.5166,4.26025,1.80176,4.27856,1.7041
4.55933,3.3728,3.62793,4.51538,4.25903,1.80176,4.27734,1.7041
4.56055,3.37402,3.62915,4.51538,4.25659,1.80176,4.27856,1.70532
4.56177,3.37158,3.63037,4.51538,4.25659,1.80176,4.27734,1.7041
4.56055,3.3728,3.63037,4.51538,4.25659,1.80176,4.27856,1.70532
4.56055,3.3728,3.62915,4.51538,4.25781,1.80176,4.27856,1.70532
4.56055,3.37402,3.62915,4.51294,4.25415,1.79932,4.27734,1.7041
4.56055,3.3728,3.62915,4.51538,4.25781,1.80054,4.27856,1.70532
4.56055,3.37402,3.62915,4.51416,4.25659,1.80054,4.27856,1.70532
4.56177,3.3728,3.63037,4.51538,4.25659,1.79932,4.27612,1.7041
4.56299,3.37524,3.62915,4.51416,4.25659,1.80054,4.27856,1.70532
4.55933,3.37402,3.62793,4.51294,4.25537,1.80054,4.28223,1.70532
4.56055,3.37891,3.62793,4.51294,4.25537,1.79932,4.27734,1.70532
4.56177,3.3728,3.63037,4.51538,4.25659,1.80054,4.27734,1.70532
4.56299,3.37524,3.62915,4.51416,4.25781,1.80054,4.27856,1.70654
4.56055,3.37524,3.62915,4.51782,4.25781,1.80054,4.27856,1.70654
4.56177,3.3728,3.63037,4.51538,4.25903,1.80176,4.27856,1.70654
4.56055,3.37524,3.62915,4.51416,4.25659,1.80054,4.27734,1.70654
4.56055,3.37524,3.62915,4.51538,4.25903,1.80176,4.27979,1.70654
4.55933,3.37402,3.62793,4.51294,4.25781,1.80176,4.28223,1.70654
4.56055,3.37524,3.62915,4.51416,4.25659,1.80054,4.27734,1.70654
4.56177,3.3728,3.63037,4.51538,4.25903,1.80176,4.27856,1.70654
4.56177,3.37402,3.62915,4.51416,4.25659,1.80054,4.27734,1.70654
4.56055,3.37524,3.62915,4.51538,4.25903,1.80176,4.27979,1.70776
4.56177,3.37402,3.63037,4.51538,4.25781,1.80054,4.27734,1.70654
4.56055,3.37524,3.62915,4.51416,4.25903,1.80176,4.27979,1.70776
4.56177,3.37402,3.63037,4.51538,4.25903,1.80176,4.27856,1.70776
4.56177,3.37402,3.62915,4.51416,4.25781,1.80054,4.27734,1.70776
4.56543,3.37646,3.62915,4.51416,4.25781,1.80054,4.27979,1.70898
4.56299,3.37646,3.62915,4.51416,4.25781,1.80054,4.27979,1.70898
4.56055,3.37646,3.62915,4.51416,4.25781,1.79932,4.27979,1.70898
4.56055,3.37646,3.63037,4.51904,4.25781,1.79932,4.27979,1.70898
4.56055,3.37646,3.62915,4.51538,4.25781,1.79932,4.27979,1.71021
4.56055,3.37646,3.62915,4.51538,4.25903,1.79932,4.28101,1.71021
4.55811,3.37524,3.62793,4.51416,4.25781,1.80054,4.27979,1.70898
4.55933,3.37524,3.62793,4.51294,4.25537,1.7981,4.27979,1.71021
4.56177,3.37524,3.62915,4.51416,4.25659,1.7981,4.27856,1.70898
4.55933,3.37646,3.62793,4.51294,4.25781,1.79932,4.28467,1.71021
4.56177,3.37524,3.62915,4.51416,4.25659,1.7981,4.27856,1.70898
4.56177,3.37524,3.63037,4.51538,4.25781,1.7981,4.27979,1.71021
4.55933,3.37646,3.62793,4.51294,4.25537,1.7981,4.28223,1.71021
4.56055,3.37646,3.62915,4.51416,4.25781,1.7981,4.28101,1.71143
4.56055,3.37891,3.62915,4.51294,4.25537,1.79688,4.27856,1.71143
4.56177,3.37524,3.62915,4.51416,4.25659,1.79688,4.27734,1.71021
4.56055,3.37646,3.62915,4.51538,4.25781,1.7981,4.28101,1.71143
4.56055,3.37646,3.62915,4.51538,4.25781,1.7981,4.28101,1.71143
4.56055,3.37891,3.62915,4.51416,4.25537,1.79688,4.27856,1.71143
4.56055,3.37646,3.62915,4.51416,4.25537,1.79688,4.27856,1.71143
4.56543,3.37769,3.62915,4.51416,4.25781,1.7981,4.28101,1.71265
4.56055,3.37769,3.63037,4.51904,4.25781,1.7981,4.27979,1.71143
4.56543,3.37769,3.62915,4.51416,4.25781,1.79932,4.28101,1.71265
4.55933,3.38013,3.62915,4.51294,4.25537,1.7981,4.27979,1.71265
4.56055,3.37891,3.62915,4.51294,4.25537,1.7981,4.27979,1.71265
4.56543,3.37769,3.62915,4.51416,4.25781,1.79932,4.28101,1.71265
4.56055,3.37646,3.63037,4.51538,4.25903,1.79932,4.28101,1.71265
4.56055,3.37646,3.63037,4.5166,4.25903,1.79932,4.28101,1.71265
4.55933,3.37769,3.62793,4.51294,4.25659,1.79932,4.28223,1.71509
4.55933,3.37769,3.62915,4.5166,4.2627,1.80054,4.27979,1.71387
4.56177,3.37646,3.63037,4.51538,4.25903,1.80054,4.27979,1.71265
4.56055,3.38013,3.62915,4.51294,4.25659,1.80054,4.27856,1.71387
4.56177,3.37646,3.63037,4.51538,4.25781,1.80176,4.27856,1.71265
4.55933,3.37769,3.62915,4.51294,4.25781,1.80176,4.28101,1.71509
4.55933,3.37769,3.62915,4.51294,4.25781,1.80176,4.27979,1.71509
4.55933,3.37769,3.62793,4.51294,4.25781,1.80298,4.28101,1.71631
4.55933,3.37769,3.62915,4.51294,4.25781,1.80298,4.27979,1.71509
4.55933,3.37769,3.62915,4.5166,4.26514,1.80298,4.28101,1.71509
4.56055,3.37891,3.62915,4.51416,4.25781,1.80176,4.27856,1.71509
4.56055,3.37891,3.62915,4.51538,4.26025,1.80298,4.28223,1.71509
4.56055,3.37891,3.62915,4.51416,4.25781,1.80176,4.27979,1.71509
4.56177,3.37646,3.63037,4.5166,4.26025,1.80176,4.28101,1.71509
4.56055,3.37891,3.63281,4.51538,4.26025,1.80176,4.28101,1.71631
4.56177,3.37769,3.63037,4.5166,4.26147,1.80176,4.28101,1.71509
4.55933,3.37891,3.63037,4.51782,4.26025,1.80176,4.28101,1.71631
4.56055,3.37891,3.63281,4.52026,4.26025,1.80176,4.28101,1.71631
4.56055,3.37891,3.62915,4.51416,4.25903,1.80054,4.27979,1.71631
4.56177,3.37769,3.63037,4.51538,4.26147,1.80176,4.28101,1.71631
4.56055,3.37891,3.62915,4.51416,4.26025,1.80176,4.28223,1.71753
4.55933,3.37769,3.62793,4.51294,4.25903,1.80176,4.28223,1.71753
4.56177,3.37769,3.63037,4.51538,4.26147,1.80176,4.28101,1.71753
4.56177,3.37891,3.62915,4.51416,4.26025,1.80176,4.28223,1.71753
4.56299,3.37891,3.62915,4.51416,4.26025,1.80054,4.28223,1.71753
4.55811,3.37891,3.62793,4.51416,4.2627,1.80054,4.28101,1.71753
4.55811,3.37891,3.62793,4.51416,4.26025,1.80176,4.28101,1.71753
4.55811,3.37891,3.62793,4.51416,4.2627,1.80176,4.28101,1.71753
4.55933,3.38135,3.62915,4.51294,4.25781,1.7981,4.28101,1.71875
4.55933,3.37891,3.62915,4.51538,4.26514,1.79932,4.28223,1.71875
4.56055,3.38379,3.62915,4.51294,4.25903,1.7981,4.28101,1.71997
4.55933,3.37891,3.62915,4.5166,4.26147,1.7981,4.28223,1.71875
4.55933,3.37891,3.62793,4.51416,4.26147,1.80054,4.28223,1.71875
4.55933,3.37891,3.62793,4.51416,4.26147,1.79932,4.28101,1.71875
4.56055,3.38013,3.62915,4.51416,4.26025,1.7981,4.28223,1.71997
4.56055,3.38013,3.62915,4.51538,4.26025,1.7981,4.28345,1.71997
4.56055,3.38013,3.63037,4.51904,4.25903,1.79688,4.28223,1.71997
4.55933,3.38013,3.62915,4.5166,4.26514,1.79688,4.28223,1.71997
4.56055,3.38013,3.63037,4.51782,4.25903,1.79688,4.28223,1.71997
4.56177,3.37891,3.63037,4.51538,4.26025,1.79688,4.28101,1.71997
4.56177,3.37891,3.63037,4.51538,4.26025,1.7981,4.28223,1.71997
4.56055,3.38013,3.63281,4.52026,4.25903,1.79688,4.28223,1.72119
4.56055,3.38135,3.62915,4.51294,4.25781,1.79688,4.28101,1.72119
4.56055,3.38379,3.62915,4.51294,4.25781,1.79688,4.28223,1.72119
4.56055,3.38379,3.62915,4.51294,4.25781,1.79688,4.28223,1.72119
4.56177,3.37891,3.63037,4.51538,4.25903,1.79688,4.28101,1.72119
4.56055,3.38013,3.63037,4.51538,4.26025,1.7981,4.28345,1.72119
4.56543,3.38135,3.62915,4.51416,4.25903,1.79688,4.28345,1.72241
4.56055,3.38135,3.63281,4.51538,4.25903,1.79688,4.28223,1.72241
4.56055,3.38379,3.62915,4.51294,4.25781,1.79688,4.28223,1.72241
4.56177,3.37891,3.63037,4.51538,4.26025,1.79688,4.28223,1.72119
4.56055,3.38135,3.63281,4.51538,4.25903,1.79688,4.28223,1.72241
4.56177,3.38135,3.62915,4.51416,4.25781,1.79565,4.28101,1.72241
4.56299,3.38135,3.63159,4.51416,4.25903,1.79688,4.28345,1.72241
4.56055,3.38379,3.62915,4.51294,4.25781,1.79565,4.28223,1.72363
4.56055,3.38135,3.62915,4.51538,4.25903,1.79688,4.28345,1.72363
4.55933,3.38135,3.62915,4.5166,4.26392,1.79688,4.28223,1.72241
4.56177,3.38013,3.62915,4.51416,4.25781,1.79688,4.28101,1.72241
4.55933,3.38135,3.62915,4.51538,4.2627,1.7981,4.28223,1.72363
4.55933,3.38135,3.62793,4.51294,4.25781,1.7981,4.28223,1.72485
4.56055,3.38135,3.63037,4.51904,4.25903,1.79932,4.28223,1.72363
4.56177,3.38013,3.63037,4.51538,4.26025,1.80054,4.28223,1.72363
4.56299,3.38135,3.63159,4.51416,4.25903,1.80054,4.28223,1.72485
4.55933,3.38135,3.62915,4.5166,4.26514,1.80054,4.28223,1.72363
4.55933,3.38135,3.62793,4.51294,4.25781,1.80054,4.28345,1.72607
4.56177,3.38135,3.62915,4.51416,4.25903,1.80054,4.28101,1.72363
4.56055,3.38135,3.63037,4.52026,4.25903,1.80176,4.28223,1.72485
4.56055,3.38257,3.62915,4.51538,4.26025,1.80176,4.28345,1.72485
4.56177,3.38013,3.63037,4.51538,4.26025,1.80054,4.28223,1.72363
4.56055,3.38257,3.62915,4.51416,4.26025,1.80176,4.28345,1.72485
4.56055,3.38257,3.63037,4.51904,4.25903,1.80054,4.28345,1.72485
4.56177,3.38135,3.63037,4.51416,4.25903,1.80054,4.28101,1.72363
4.56299,3.38257,3.62915,4.51416,4.26025,1.80176,4.28345,1.72485
4.56055,3.38135,3.63037,4.51538,4.26025,1.80176,4.28345,1.72485
4.56177,3.38379,3.62915,4.51416,4.25903,1.80176,4.28101,1.72485
4.56177,3.38135,3.63037,4.51538,4.26147,1.80298,4.28345,1.72485
4.56055,3.38257,3.62915,4.51538,4.26025,1.80298,4.28345,1.72607
4.56299,3.38257,3.63159,4.51416,4.26025,1.80176,4.28345,1.72607
4.56177,3.38135,3.63037,4.51538,4.25903,1.80176,4.28101,1.72485
4.55933,3.38257,3.62915,4.5166,4.26514,1.80176,4.28223,1.72607
4.56177,3.38257,3.63281,4.51416,4.25903,1.80054,4.28345,1.72607
4.56055,3.38257,3.63037,4.52026,4.25903,1.80054,4.28345,1.72607
4.55933,3.38257,3.62793,4.51294,4.25781,1.79932,4.28467,1.72729
4.56055,3.38379,3.62915,4.51538,4.26025,1.79932,4.28345,1.72729
4.55933,3.38257,3.62793,4.51294,4.25903,1.79932,4.28711,1.72607
4.56177,3.38257,3.62915,4.51416,4.25903,1.7981,4.28101,1.72607
4.56177,3.38135,3.63037,4.51538,4.26025,1.79932,4.28223,1.72607
4.56177,3.38257,3.62915,4.51416,4.25903,1.7981,4.28101,1.72607
4.56055,3.38379,3.63281,4.51416,4.25903,1.7981,4.28345,1.72729
4.56055,3.38379,3.62915,4.51416,4.26025,1.7981,4.28345,1.72729
4.56055,3.38379,3.63037,4.51538,4.26025,1.7981,4.28345,1.72729
4.56299,3.38379,3.63159,4.51416,4.25903,1.7981,4.28345,1.72729
4.55933,3.38257,3.62793,4.51294,4.25781,1.7981,4.28345,1.72852
4.56177,3.38379,3.62915,4.51416,4.25781,1.7981,4.28101,1.72607
4.55933,3.38379,3.62915,4.5166,4.26514,1.7981,4.28223,1.72729
4.56055,3.38379,3.62915,4.51538,4.26025,1.7981,4.28345,1.72729
4.56055,3.38379,3.62915,4.51538,4.26025,1.7981,4.28345,1.72729
4.56055,3.38379,3.62915,4.51538,4.26025,1.7981,4.28345,1.72729
4.55933,3.38379,3.62793,4.51294,4.25781,1.7981,4.28467,1.72729
4.55933,3.38379,3.62915,4.5166,4.2627,1.7981,4.28223,1.72729
4.56055,3.38379,3.63037,4.52148,4.25781,1.7981,4.28345,1.72852
4.56177,3.38257,3.63037,4.51538,4.25903,1.79932,4.28223,1.72729
4.56055,3.38379,3.63037,4.51538,4.25903,1.79932,4.28345,1.72852
4.56177,3.38379,3.63037,4.51538,4.25781,1.79932,4.28101,1.72729
4.56055,3.38501,3.62915,4.51416,4.25659,1.79932,4.28223,1.72852
4.56299,3.38501,3.63159,4.51416,4.25903,1.80054,4.28345,1.72852
4.56055,3.38501,3.63037,4.51538,4.25903,1.80176,4.28345,1.72852
4.56177,3.38257,3.63037,4.51538,4.25781,1.80054,4.28101,1.72729
4.55933,3.38379,3.62793,4.51294,4.25781,1.80176,4.28711,1.72852
4.56055,3.38867,3.62915,4.51416,4.25659,1.80054,4.28223,1.72852
4.56177,3.38379,3.63037,4.5166,4.25903,1.80054,4.28345,1.72852
4.55933,3.38501,3.62915,4.51538,4.2627,1.80054,4.28223,1.72852
4.55933,3.38379,3.62915,4.51294,4.25659,1.79932,4.28345,1.72974
4.56055,3.38745,3.62915,4.51294,4.25659,1.79932,4.28223,1.72974
4.56299,3.38501,3.63159,4.51538,4.25903,1.80054,4.28345,1.72852
4.56055,3.38745,3.62915,4.51294,4.25781,1.80054,4.28223,1.72974
4.56055,3.38501,3.63037,4.51538,4.25903,1.80176,4.28345,1.72974
4.56055,3.38623,3.62915,4.51416,4.25659,1.80054,4.28223,1.72852
4.56543,3.38501,3.62915,4.51538,4.25903,1.80054,4.28345,1.72974
4.55933,3.38501,3.62915,4.5166,4.2627,1.80054,4.28345,1.72852
4.56055,3.38867,3.62915,4.51416,4.25781,1.79932,4.28223,1.72974
4.56055,3.38501,3.63037,4.51538,4.26025,1.80054,4.28467,1.72974
4.56177,3.38623,3.63281,4.51538,4.25903,1.79932,4.28345,1.72974
4.56177,3.38623,3.62915,4.51416,4.25781,1.79932,4.28223,1.72852
4.56055,3.38501,3.62915,4.51294,4.25781,1.79932,4.28467,1.73096
4.55933,3.38501,3.62915,4.51416,4.25903,1.80054,4.28345,1.72974
4.56177,3.38501,3.63037,4.51538,4.25781,1.7981,4.28223,1.72852
4.55933,3.38501,3.62915,4.51416,4.26025,1.80176,4.28345,1.72974
4.56055,3.38501,3.62915,4.51294,4.25781,1.79932,4.28467,1.73096
4.56177,3.38501,3.63159,4.5166,4.25903,1.79932,4.28345,1.72852
4.56177,3.38623,3.63037,4.5166,4.26025,1.79932,4.28467,1.72974
4.56665,3.38623,3.63037,4.51538,4.25903,1.79932,4.28467,1.72974
4.56055,3.38989,3.62915,4.51416,4.25781,1.7981,4.28345,1.72974
4.56177,3.38501,3.63037,4.5166,4.26025,1.79932,4.28467,1.72974
4.56177,3.38501,3.63159,4.5166,4.26025,1.79932,4.28467,1.72974
4.56177,3.38501,3.63159,4.51538,4.25903,1.79932,4.28345,1.72852
4.56177,3.38623,3.63037,4.51416,4.25781,1.7981,4.28223,1.72974
4.56177,3.38745,3.63281,4.51538,4.25903,1.79932,4.28467,1.72974
4.56299,3.38745,3.63159,4.51538,4.25903,1.79932,4.28467,1.72974
4.56177,3.38623,3.63037,4.5166,4.26025,1.79932,4.28467,1.72974
4.56177,3.38623,3.63037,4.51538,4.25781,1.7981,4.28223,1.72974
4.56177,3.38501,3.63159,4.51538,4.25903,1.7981,4.28345,1.72974
4.56177,3.38623,3.63159,4.5166,4.26025,1.79932,4.28467,1.72974
4.56177,3.38745,3.63037,4.51538,4.25903,1.79932,4.28589,1.73096
4.56177,3.38623,3.63159,4.5166,4.26025,1.79932,4.28467,1.72974
4.56177,3.38745,3.63281,4.51538,4.25903,1.79932,4.28467,1.72974
4.55933,3.38745,3.62915,4.51538,4.26025,1.80054,4.28467,1.72974
4.56177,3.38867,3.63037,4.51538,4.25903,1.79932,4.28589,1.73096
4.56055,3.38745,3.63037,4.5166,4.26392,1.79932,4.28467,1.72974
4.56299,3.38623,3.63159,4.51538,4.25781,1.79932,4.28345,1.72974
4.55933,3.38745,3.63037,4.51538,4.26147,1.80054,4.28467,1.72974
4.56177,3.38623,3.63159,4.51538,4.25781,1.79932,4.28345,1.72974
4.56177,3.38867,3.63037,4.51538,4.25903,1.80054,4.28589,1.73096
4.56299,3.38623,3.63159,4.5166,4.25903,1.80054,4.28589,1.72974
4.56177,3.38867,3.63037,4.51538,4.25903,1.80054,4.28589,1.73096
4.56177,3.38867,3.63403,4.51538,4.25903,1.80054,4.28589,1.73096
4.56177,3.38867,3.63159,4.51538,4.25903,1.80054,4.28589,1.73096
4.56299,3.38623,3.63281,4.5166,4.25903,1.80054,4.28467,1.72974
4.56177,3.38867,3.63403,4.51538,4.25903,1.80054,4.28589,1.73096
4.55933,3.38867,3.63037,4.5166,4.2627,1.79932,4.28467,1.73096
4.56299,3.38867,3.63525,4.51538,4.25903,1.79932,4.28589,1.73096
4.56543,3.38989,3.63159,4.51538,4.25903,1.79932,4.28589,1.73096
4.56177,3.38989,3.63159,4.51416,4.25781,1.7981,4.28345,1.72974
4.55933,3.38867,3.63037,4.51416,4.25781,1.79932,4.28955,1.73096
4.56299,3.38745,3.63281,4.5166,4.26025,1.79932,4.28467,1.72974
4.56299,3.38745,3.63281,4.5166,4.26025,1.79932,4.28589,1.72974
4.56055,3.38989,3.63159,4.51538,4.25903,1.80054,4.28711,1.73096
4.56055,3.38989,3.63159,4.51538,4.25903,1.80054,4.28589,1.73096
4.56055,3.38989,3.63159,4.51538,4.25903,1.80054,4.28589,1.73096
4.56055,3.38867,3.63037,4.51416,4.25781,1.80176,4.28711,1.7334
4.55933,3.38867,3.63037,4.51538,4.26025,1.8042,4.28467,1.73096
4.56055,3.38989,3.63037,4.5166,4.26392,1.80298,4.28467,1.73096
4.56177,3.38989,3.63159,4.5166,4.26025,1.8042,4.28711,1.73096
4.56177,3.38989,3.63281,4.51538,4.25903,1.80298,4.28589,1.73096
4.56299,3.38867,3.63159,4.5166,4.25903,1.80298,4.28467,1.72974
4.56177,3.39355,3.63037,4.51416,4.25781,1.80298,4.28467,1.73096
4.56177,3.39111,3.63037,4.51416,4.25781,1.80298,4.28345,1.73096
4.55933,3.38989,3.63037,4.51538,4.26025,1.80542,4.28589,1.73096
4.56177,3.38989,3.63159,4.5166,4.26025,1.80298,4.28589,1.73096
4.56299,3.38867,3.63281,4.5166,4.25903,1.80298,4.28467,1.73096
4.56177,3.39111,3.63281,4.51538,4.25903,1.80298,4.28589,1.73096
4.56299,3.38867,3.63281,4.5166,4.25903,1.80298,4.28467,1.73096
4.56055,3.38989,3.63281,4.51904,4.25903,1.80298,4.28589,1.73096
4.55933,3.38989,3.63037,4.51416,4.25903,1.8042,4.28589,1.73096
4.56177,3.38989,3.63281,4.5166,4.26025,1.80298,4.28589,1.73096
4.56299,3.38867,3.63281,4.5166,4.25903,1.80298,4.28467,1.73096
4.56299,3.38867,3.63281,4.5166,4.26025,1.80298,4.28467,1.73096
4.56299,3.39111,3.63159,4.51538,4.26025,1.80298,4.28589,1.73096
4.56177,3.38989,3.63281,4.5166,4.26025,1.8042,4.28589,1.73096
4.56177,3.39111,3.63159,4.51538,4.25903,1.80298,4.28345,1.73096
4.55933,3.39111,3.63037,4.5166,4.2627,1.80298,4.28589,1.73096
4.55933,3.39111,3.63037,4.51538,4.26025,1.8042,4.28589,1.73096
4.56055,3.39111,3.63037,4.51416,4.25903,1.80176,4.28955,1.73218
4.56177,3.39233,3.63037,4.51416,4.25781,1.80176,4.28711,1.73218
4.55933,3.39111,3.63037,4.51538,4.26147,1.80298,4.28589,1.73096
4.56299,3.38989,3.63281,4.5166,4.26025,1.80054,4.28589,1.73096
4.55933,3.39111,3.63037,4.51538,4.26147,1.80176,4.28589,1.73096
4.56299,3.38989,3.63281,4.5166,4.25903,1.79932,4.28467,1.73096
4.56177,3.39355,3.63159,4.51538,4.25781,1.79932,4.28467,1.73096
4.56055,3.39111,3.63037,4.51416,4.26025,1.80054,4.29199,1.73096
4.56055,3.39111,3.63037,4.51416,4.25781,1.79932,4.28833,1.7334
4.56543,3.39233,3.63159,4.51538,4.26025,1.79932,4.28711,1.73218
4.56421,3.39233,3.63281,4.5166,4.26025,1.80054,4.28711,1.73218
4.56177,3.39111,3.63281,4.5166,4.26147,1.80054,4.28711,1.73096
4.56177,3.396,3.63159,4.51416,4.25781,1.79932,4.28711,1.73218
4.56177,3.39233,3.63281,4.5166,4.26025,1.80054,4.28833,1.73218
4.56299,3.39111,3.63281,4.51538,4.25903,1.79932,4.28589,1.73096
4.56177,3.39233,3.63159,4.51416,4.25903,1.79932,4.28833,1.7334
4.56055,3.39233,3.63037,4.51538,4.2627,1.80176,4.28711,1.73096
4.56299,3.39233,3.63281,4.51538,4.25903,1.79932,4.28589,1.73096
4.56299,3.39233,3.63281,4.5166,4.26147,1.80054,4.28833,1.73218
4.56299,3.39111,3.63403,4.5166,4.26147,1.79932,4.28589,1.73096
4.56299,3.39233,3.63281,4.51538,4.25903,1.79932,4.28589,1.73096
4.56299,3.39111,3.63281,4.5166,4.26025,1.79932,4.28589,1.73096
4.56177,3.39355,3.63159,4.51538,4.25903,1.79932,4.28589,1.73096
4.56299,3.39233,3.63281,4.5166,4.26025,1.80054,4.28589,1.73096
4.56299,3.39355,3.63525,4.51538,4.26147,1.80054,4.28833,1.73218
4.56421,3.39355,3.63281,4.5166,4.26147,1.80176,4.28833,1.73218
4.56055,3.39355,3.63159,4.5166,4.26392,1.80176,4.28833,1.73218
4.56299,3.39233,3.63281,4.51782,4.2627,1.80298,4.28833,1.73096
4.56299,3.39233,3.63281,4.51782,4.2627,1.80298,4.28833,1.73096
4.56177,3.39478,3.63159,4.51538,4.26025,1.80176,4.28711,1.73096
4.56177,3.39355,3.63281,4.5166,4.2627,1.80298,4.28955,1.73218
4.56177,3.39722,3.63159,4.51416,4.25903,1.80176,4.28833,1.73218
4.56055,3.39355,3.63281,4.51782,4.26147,1.80176,4.28833,1.73218
4.56299,3.39478,3.63647,4.51538,4.26147,1.80176,4.28833,1.73218
4.56177,3.396,3.63159,4.51538,4.25903,1.80054,4.28711,1.73218
4.56055,3.39478,3.63281,4.51782,4.26636,1.80176,4.28833,1.73218
4.56787,3.39478,3.63281,4.5166,4.26147,1.80176,4.28955,1.73218
4.56299,3.39355,3.63403,4.5166,4.26147,1.80176,4.28833,1.73096
4.56299,3.39478,3.63281,4.51538,4.26025,1.80054,4.28711,1.73096
4.56299,3.39355,3.63281,4.51538,4.26025,1.80054,4.28711,1.73096
4.56177,3.39478,3.63159,4.51416,4.25903,1.80054,4.28955,1.7334
4.56055,3.39478,3.63159,4.51416,4.26025,1.80054,4.28955,1.73462
4.56055,3.39478,3.63281,4.51904,4.26147,1.80176,4.28955,1.73218
4.56055,3.39478,3.63159,4.51538,4.26147,1.80298,4.28955,1.73218
4.56787,3.396,3.63281,4.51538,4.26147,1.80054,4.28955,1.73218
4.56055,3.39478,3.63159,4.51416,4.26025,1.80176,4.29077,1.73218
4.56299,3.39355,3.63403,4.5166,4.26147,1.80054,4.28833,1.73096
4.56055,3.39478,3.63159,4.51538,4.2627,1.80176,4.28955,1.73218
4.56177,3.39478,3.63159,4.51416,4.25903,1.79932,4.28955,1.7334
4.56055,3.39478,3.63159,4.51538,4.2627,1.80176,4.28955,1.73096
4.56299,3.39478,3.63403,4.5166,4.26147,1.80054,4.28955,1.73218
4.56543,3.396,3.63281,4.51538,4.26025,1.80054,4.28955,1.73218
4.56177,3.396,3.63281,4.5166,4.26147,1.80054,4.29077,1.73218
4.56055,3.396,3.63281,4.51904,4.26025,1.79932,4.28955,1.73218
4.56177,3.396,3.63403,4.52148,4.26025,1.80054,4.28955,1.73218
4.56665,3.396,3.63281,4.51538,4.26025,1.80054,4.29077,1.73218
4.56055,3.396,3.63281,4.5166,4.2627,1.80054,4.28955,1.73096
4.56421,3.39722,3.63647,4.51538,4.26025,1.80054,4.28955,1.73218
4.56055,3.396,3.63403,4.52148,4.26025,1.80054,4.28955,1.73096
4.56055,3.396,3.63281,4.5166,4.2627,1.80054,4.28955,1.73096
4.56299,3.39478,3.63403,4.51782,4.26147,1.80054,4.28955,1.73096
4.56177,3.396,3.63403,4.5166,4.26147,1.80054,4.29077,1.73096
4.56177,3.39722,3.63403,4.5166,4.26147,1.80054,4.29077,1.73218
4.56177,3.39722,3.63281,4.51416,4.25903,1.79932,4.28955,1.73218
4.56177,3.39722,3.63281,4.51416,4.25903,1.79932,4.28955,1.7334
4.56177,3.39722,3.63281,4.5166,4.26025,1.80054,4.29199,1.73218
4.56055,3.39722,3.63281,4.51416,4.26025,1.80054,4.29565,1.73096
4.56299,3.396,3.63403,4.5166,4.26147,1.80054,4.29077,1.73096
4.56299,3.39722,3.63403,4.5166,4.26147,1.79932,4.29199,1.73096
4.56299,3.396,3.63403,4.5166,4.26025,1.79932,4.28833,1.72974
4.56421,3.39844,3.63647,4.51538,4.26025,1.79932,4.29077,1.73096
4.56177,3.39722,3.63281,4.51416,4.25903,1.7981,4.29077,1.73218
4.56787,3.39844,3.63403,4.5166,4.26025,1.79932,4.29077,1.73096
4.56055,3.39722,3.63281,4.51538,4.26147,1.79932,4.29077,1.73096
4.56299,3.39722,3.63525,4.5166,4.26147,1.79932,4.29077,1.73096
4.56177,3.39844,3.63525,4.52026,4.26025,1.7981,4.29077,1.73096
4.56177,3.39844,3.63403,4.5166,4.26147,1.79932,4.29199,1.73096
4.56177,3.39844,3.63403,4.5166,4.26147,1.79932,4.29199,1.73096
4.56299,3.39722,3.63403,4.5166,4.26025,1.7981,4.28955,1.72974
4.56299,3.396,3.63525,4.5166,4.26147,1.79932,4.28955,1.72974
4.56055,3.39844,3.63281,4.5166,4.2627,1.80054,4.29077,1.73096
4.56299,3.39722,3.63525,4.5166,4.26147,1.79932,4.28955,1.72974
4.56055,3.39844,3.63281,4.5166,4.26392,1.80054,4.29077,1.73096
4.56055,3.39844,3.63525,4.52148,4.26147,1.79932,4.29077,1.73096
4.56299,3.39722,3.63525,4.5166,4.26147,1.79932,4.28955,1.72974
4.56055,3.39844,3.63281,4.5166,4.26514,1.80054,4.29077,1.72974
4.56177,3.40332,3.63403,4.51416,4.26025,1.79932,4.29077,1.73096
4.56177,3.40088,3.63403,4.51416,4.26025,1.79932,4.29077,1.73096
4.56055,3.39844,3.63281,4.51416,4.26025,1.80054,4.29443,1.72974
4.56543,3.39966,3.63403,4.51538,4.26147,1.80054,4.29199,1.73096
4.56299,3.39966,3.6377,4.51538,4.26147,1.80054,4.29199,1.72974
4.56055,3.39844,3.63281,4.51416,4.26025,1.80054,4.29688,1.73218
4.56299,3.39844,3.63525,4.5166,4.26147,1.79932,4.29077,1.72974
4.56177,3.40088,3.63403,4.51416,4.25903,1.79932,4.29077,1.72974
4.56177,3.39966,3.63403,4.5166,4.26147,1.80054,4.29321,1.72974
4.56177,3.39966,3.63525,4.5166,4.26147,1.79932,4.29321,1.72974
4.56177,3.39966,3.63403,4.5166,4.26147,1.79932,4.29321,1.72974
4.56177,3.39966,3.63403,4.5166,4.26147,1.79932,4.29321,1.72974
4.56299,3.40088,3.6377,4.51538,4.26025,1.7981,4.29199,1.72974
4.56055,3.39966,3.63403,4.5166,4.26514,1.7981,4.29199,1.72974
4.56543,3.40088,3.63403,4.51538,4.26025,1.7981,4.29321,1.72974
4.56055,3.39966,3.63281,4.51416,4.25903,1.79688,4.29321,1.73218
4.56299,3.39966,3.63525,4.51538,4.25903,1.79688,4.29077,1.72852
4.56299,3.39966,3.63525,4.51782,4.26147,1.79688,4.29321,1.72974
4.56177,3.40088,3.63403,4.5166,4.26025,1.79688,4.29321,1.72974
4.56177,3.40088,3.63525,4.5166,4.26147,1.79688,4.29321,1.72974
4.56177,3.40088,3.63403,4.5166,4.26025,1.79688,4.29321,1.72974
4.56299,3.39966,3.63525,4.5166,4.26025,1.79565,4.29077,1.72852
4.56177,3.40332,3.63403,4.51538,4.25903,1.79565,4.29199,1.72852
4.56055,3.40088,3.63403,4.51782,4.26514,1.79565,4.29321,1.72852
4.56177,3.40088,3.63403,4.5166,4.26025,1.79565,4.29321,1.72852
4.56177,3.40088,3.63525,4.5166,4.26147,1.79565,4.29321,1.72852
4.56299,3.39966,3.63525,4.5166,4.26025,1.79565,4.29199,1.72852
4.56299,3.40088,3.63525,4.51538,4.25903,1.79443,4.29077,1.72852
4.56177,3.40088,3.63525,4.52148,4.26025,1.79565,4.29321,1.72852
4.56299,3.39966,3.63525,4.5166,4.25903,1.79443,4.29077,1.72729
4.56177,3.4021,3.6377,4.51782,4.26025,1.79565,4.29321,1.72852
4.56299,3.40088,3.63525,4.51538,4.25903,1.79443,4.29077,1.72729
4.56177,3.4021,3.63525,4.52148,4.26025,1.79565,4.29321,1.72852
4.56055,3.40088,3.63403,4.5166,4.26147,1.79565,4.29321,1.72729
4.56787,3.4021,3.63403,4.5166,4.26025,1.79565,4.29321,1.72852
4.56055,3.40088,3.63403,4.51538,4.2627,1.79565,4.29321,1.72729
4.56299,3.4021,3.63892,4.51538,4.26025,1.79688,4.29321,1.72852
4.56177,3.40088,3.63403,4.51416,4.25903,1.79688,4.29321,1.72852
4.56299,3.39966,3.63525,4.5166,4.26025,1.7981,4.29199,1.72729
4.56177,3.40088,3.63403,4.51416,4.25903,1.7981,4.29321,1.72852
4.56177,3.4021,3.63403,4.51416,4.25903,1.7981,4.29321,1.72852
4.56177,3.40088,3.63525,4.5166,4.26147,1.7981,4.29321,1.72729
4.56299,3.40088,3.63525,4.51538,4.25903,1.7981,4.29077,1.72607
4.56177,3.40576,3.63403,4.51416,4.25903,1.79688,4.29199,1.72729
4.56177,3.4021,3.63525,4.5166,4.26147,1.7981,4.29443,1.72729
4.56299,3.40088,3.63525,4.5166,4.26025,1.79688,4.29077,1.72607
4.55933,3.4021,3.63281,4.51416,4.25903,1.7981,4.29565,1.72607
4.56177,3.40332,3.63525,4.5166,4.26025,1.7981,4.29321,1.72729
4.56299,3.40088,3.63525,4.5166,4.26147,1.7981,4.29321,1.72607
4.56299,3.4021,3.63525,4.51538,4.25903,1.7981,4.29077,1.72607
4.56055,3.4021,3.63403,4.51416,4.25903,1.79932,4.29565,1.72607
4.56177,3.40332,3.6377,4.51538,4.26025,1.7981,4.29321,1.72607
4.56421,3.40332,3.63525,4.5166,4.26025,1.7981,4.29321,1.72607
4.56177,3.4021,3.63525,4.51782,4.26147,1.79932,4.29321,1.72607
4.56299,3.4021,3.63525,4.51538,4.25903,1.7981,4.29077,1.72485
4.56177,3.40332,3.63525,4.51538,4.25903,1.7981,4.29199,1.72485
4.56177,3.4021,3.63525,4.5166,4.26147,1.79932,4.29443,1.72607
4.56299,3.4021,3.63525,4.5166,4.25903,1.79932,4.29199,1.72485
4.55933,3.40332,3.63403,4.5166,4.26147,1.80054,4.29321,1.72485
4.56299,3.4021,3.63525,4.5166,4.25903,1.79932,4.29199,1.72485
4.56299,3.40332,3.64014,4.51538,4.25903,1.79932,4.29443,1.72607
4.56177,3.40332,3.63525,4.5166,4.26025,1.80054,4.29443,1.72485
4.56177,3.40332,3.63525,4.5166,4.26025,1.80054,4.29443,1.72485
4.56177,3.40332,3.63525,4.5166,4.26025,1.80054,4.29443,1.72485
4.56299,3.4021,3.63525,4.5166,4.25903,1.80054,4.29199,1.72485
4.56055,3.40332,3.63525,4.51782,4.25903,1.80054,4.29321,1.72485
4.56299,3.4021,3.63647,4.5166,4.26025,1.80054,4.29321,1.72485
4.56177,3.40454,3.63525,4.5166,4.26025,1.80176,4.29443,1.72485
4.56299,3.4021,3.63525,4.5166,4.25903,1.80054,4.29199,1.72363
4.56299,3.40454,3.63892,4.51538,4.25903,1.80054,4.29321,1.72485
4.56299,3.4021,3.63525,4.51538,4.25903,1.80054,4.29199,1.72363
4.55933,3.40332,3.63403,4.51416,4.25903,1.80176,4.29321,1.72485
4.56299,3.4021,3.63647,4.5166,4.25903,1.79932,4.29199,1.72363
4.56055,3.40454,3.63525,4.5166,4.25903,1.80054,4.29443,1.72485
4.56299,3.4021,3.63647,4.5166,4.26025,1.79932,4.29321,1.72363
4.56177,3.40332,3.63525,4.5166,4.26025,1.80054,4.29443,1.72363
4.56177,3.40332,3.63525,4.51538,4.25903,1.79932,4.29199,1.72363
4.56177,3.40332,3.63525,4.5166,4.26025,1.80054,4.29321,1.72363
4.56177,3.40454,3.6377,4.51538,4.25903,1.79932,4.29321,1.72363
4.56177,3.40454,3.63525,4.5166,4.26025,1.80054,4.29443,1.72363
4.56177,3.40332,3.63525,4.5166,4.26025,1.79932,4.29321,1.72363
4.56177,3.40454,3.63525,4.5166,4.26025,1.79932,4.29443,1.72363
4.56055,3.40454,3.63525,4.5166,4.26025,1.79932,4.29443,1.72363
4.56055,3.40454,3.63525,4.5166,4.26025,1.79932,4.29443,1.72363
4.56055,3.40454,3.63403,4.51416,4.25781,1.7981,4.29443,1.72363
4.56177,3.40454,3.63525,4.5166,4.26025,1.79932,4.29443,1.72363
4.55933,3.40454,3.63403,4.51416,4.26025,1.79932,4.29321,1.72241
4.56543,3.40576,3.63525,4.51538,4.26025,1.79932,4.29443,1.72363
4.56299,3.40332,3.63525,4.51538,4.25903,1.79932,4.29199,1.72241
4.55933,3.40454,3.63403,4.51538,4.26147,1.80054,4.29321,1.72241
4.56177,3.40454,3.63525,4.5166,4.26025,1.80054,4.29443,1.72241
4.55933,3.40454,3.63403,4.51416,4.25903,1.80054,4.29565,1.72241
4.55933,3.40454,3.63403,4.51416,4.26025,1.80054,4.29321,1.72241
4.56177,3.40454,3.63525,4.51538,4.25903,1.7981,4.29199,1.72119
4.56177,3.40454,3.63525,4.5166,4.26025,1.79932,4.29443,1.72241
4.56177,3.4082,3.63525,4.51416,4.25781,1.7981,4.29321,1.72241
4.56177,3.40454,3.63647,4.5166,4.26025,1.79932,4.29443,1.72119
4.56177,3.40454,3.63525,4.51538,4.25781,1.7981,4.29199,1.72119
4.56055,3.40576,3.63647,4.52148,4.25903,1.7981,4.29443,1.72119
4.56055,3.40454,3.63403,4.51416,4.25781,1.7981,4.29688,1.72241
4.56177,3.40576,3.6377,4.51538,4.25903,1.79688,4.29443,1.72119
4.55933,3.40576,3.63403,4.5166,4.26025,1.7981,4.29443,1.72119
4.56177,3.40454,3.63647,4.51538,4.25781,1.79688,4.29321,1.71997
4.56177,3.40576,3.63525,4.51538,4.25781,1.79688,4.29321,1.71997
4.56299,3.40454,3.63647,4.5166,4.25903,1.7981,4.29321,1.71997
4.56177,3.4082,3.63525,4.51416,4.25781,1.7981,4.29321,1.72119
4.56299,3.40454,3.63647,4.5166,4.25903,1.7981,4.29321,1.71997
4.56055,3.40576,3.63525,4.51904,4.25903,1.7981,4.29443,1.72119
4.55933,3.40576,3.63525,4.5166,4.2627,1.7981,4.29443,1.72119
4.56177,3.40576,3.63647,4.5166,4.26025,1.7981,4.29565,1.71997
4.56299,3.40454,3.63647,4.5166,4.26025,1.7981,4.29443,1.71997
4.56299,3.40454,3.63647,4.5166,4.25903,1.7981,4.29321,1.71997
4.56177,3.40698,3.63525,4.5166,4.26025,1.79932,4.29565,1.72119
4.56177,3.40454,3.63647,4.5166,4.26025,1.79932,4.29443,1.71997
4.56177,3.40454,3.63647,4.5166,4.26025,1.79932,4.29443,1.71997
4.56177,3.40576,3.63647,4.5166,4.26025,1.79932,4.29565,1.71997
4.55933,3.40576,3.63403,4.51538,4.26025,1.80176,4.29443,1.71997
4.56177,3.40576,3.63525,4.51538,4.25903,1.7981,4.29321,1.71875
4.56177,3.40698,3.63525,4.5166,4.26025,1.79932,4.29688,1.71997
4.56177,3.40942,3.63525,4.51416,4.25903,1.7981,4.29443,1.71997
4.56177,3.4082,3.63525,4.51538,4.25903,1.7981,4.29443,1.71875
4.56177,3.40698,3.63525,4.5166,4.26147,1.79932,4.29688,1.71997
4.56299,3.40576,3.63647,4.5166,4.26025,1.7981,4.29443,1.71753
4.56177,3.4082,3.6377,4.51538,4.26025,1.7981,4.29688,1.71875
4.56299,3.40576,3.63647,4.5166,4.26147,1.7981,4.29565,1.71753
4.56299,3.40576,3.63647,4.51538,4.26025,1.7981,4.29443,1.71753
4.56177,3.4082,3.63525,4.5166,4.26147,1.7981,4.2981,1.71875
4.56177,3.4082,3.6377,4.51538,4.26025,1.79688,4.29688,1.71875
4.56177,3.41064,3.63525,4.51416,4.25903,1.79688,4.29688,1.71875
4.56177,3.40698,3.63647,4.5166,4.26147,1.79688,4.29688,1.71753
4.56299,3.4082,3.63647,4.51538,4.25903,1.79565,4.29443,1.71753
4.56055,3.40698,3.63403,4.51416,4.25903,1.79565,4.2981,1.71753
4.56177,3.41187,3.63525,4.51416,4.25781,1.79443,4.29688,1.71875
4.56299,3.40698,3.63647,4.5166,4.26025,1.79565,4.29565,1.71753
4.56177,3.40942,3.63525,4.51538,4.25903,1.79565,4.29565,1.71753
4.56055,3.4082,3.63525,4.5166,4.26514,1.79688,4.29688,1.71753
4.56177,3.40942,3.63525,4.51538,4.26025,1.79688,4.2981,1.71753
4.56177,3.41309,3.63525,4.51416,4.25781,1.79688,4.29688,1.71875
4.56177,3.41064,3.63525,4.51416,4.25781,1.79688,4.29688,1.71875
4.56299,3.40698,3.63647,4.5166,4.25903,1.79688,4.29565,1.71631
4.56177,3.41309,3.63525,4.51416,4.25781,1.79688,4.29688,1.71875
4.56177,3.4082,3.63647,4.5166,4.26025,1.7981,4.2981,1.71753
4.56177,3.4082,3.63647,4.51538,4.25903,1.7981,4.29565,1.71631
4.56177,3.40942,3.63647,4.51538,4.25781,1.7981,4.29565,1.71631
4.56177,3.40942,3.63525,4.51538,4.25781,1.7981,4.29565,1.71631
4.56177,3.41187,3.63525,4.51416,4.25781,1.7981,4.29688,1.71753
4.55933,3.40942,3.63525,4.5166,4.26514,1.79932,4.29688,1.71631
4.56055,3.40942,3.63647,4.51904,4.25903,1.79932,4.29688,1.71631
4.56177,3.40942,3.63525,4.5166,4.26025,1.80054,4.2981,1.71753
4.56299,3.4082,3.63647,4.5166,4.25903,1.80054,4.29565,1.71631
4.56177,3.41064,3.63525,4.51538,4.25781,1.80054,4.29688,1.71631
4.56177,3.40942,3.63525,4.51538,4.25781,1.80054,4.29565,1.71631
4.56177,3.4082,3.63647,4.51538,4.25903,1.80054,4.29565,1.71631
4.56177,3.4082,3.63647,4.5166,4.25903,1.80054,4.29565,1.71509
4.56177,3.4082,3.63647,4.51782,4.26025,1.80176,4.29565,1.71631
4.56177,3.41187,3.63525,4.51538,4.25781,1.80054,4.29688,1.71631
4.55933,3.40942,3.63403,4.51538,4.26025,1.8042,4.29688,1.71631
4.55933,3.40942,3.63403,4.51538,4.26025,1.8042,4.29688,1.71631
4.56055,3.41064,3.6377,4.52026,4.25903,1.80176,4.29688,1.71631
4.56177,3.4082,3.63647,4.5166,4.25903,1.80054,4.29565,1.71509
4.56177,3.40942,3.63647,4.51782,4.26025,1.80176,4.29688,1.71631
4.56299,3.4082,3.63647,4.5166,4.26025,1.80054,4.29565,1.71509
4.56177,3.4082,3.63647,4.5166,4.25903,1.80054,4.29443,1.71509
4.56177,3.40942,3.63647,4.51538,4.25903,1.79932,4.29443,1.71509
4.55933,3.40942,3.63403,4.51538,4.26025,1.80176,4.29688,1.71509
4.56055,3.41064,3.63525,4.5166,4.26025,1.80054,4.2981,1.71631
4.55933,3.40942,3.63403,4.51538,4.26025,1.80176,4.29688,1.71509
4.56177,3.40942,3.63647,4.5166,4.26025,1.79932,4.29688,1.71509
4.56055,3.41064,3.6377,4.51538,4.25903,1.79932,4.29688,1.71509
4.56177,3.40942,3.63647,4.5166,4.26025,1.79932,4.29688,1.71509
4.56177,3.40942,3.63647,4.5166,4.26025,1.79932,4.29565,1.71509
4.56543,3.41064,3.63525,4.5166,4.25903,1.7981,4.29688,1.71509
4.56055,3.41064,3.63525,4.5166,4.26025,1.79932,4.2981,1.71509
4.56177,3.41064,3.63647,4.5166,4.26025,1.79932,4.2981,1.71509
4.55933,3.41064,3.63403,4.51416,4.25903,1.79932,4.30176,1.71509
4.56177,3.41064,3.63525,4.5166,4.26025,1.79932,4.2981,1.71509
4.56177,3.40942,3.63647,4.51782,4.26025,1.79932,4.29688,1.71509
4.56177,3.41064,3.63647,4.51538,4.25903,1.7981,4.29443,1.71387
4.56055,3.41431,3.63525,4.51416,4.25781,1.7981,4.29688,1.71509
4.56665,3.41187,3.63525,4.51538,4.25903,1.7981,4.2981,1.71509
4.55933,3.41064,3.63403,4.51416,4.25781,1.7981,4.2981,1.71631
4.56543,3.41187,3.63525,4.51538,4.26025,1.7981,4.29688,1.71509
4.56177,3.40942,3.63647,4.51538,4.25903,1.79688,4.29565,1.71387
4.56177,3.40942,3.63647,4.5166,4.26025,1.79688,4.29565,1.71387
4.56177,3.41064,3.63525,4.51538,4.25903,1.79565,4.29565,1.71387
4.56055,3.41064,3.63403,4.51416,4.25781,1.79688,4.2981,1.71631
4.55933,3.41064,3.63403,4.51416,4.25781,1.79688,4.29932,1.71631
4.56177,3.41064,3.63647,4.51538,4.25903,1.79565,4.29688,1.71387
4.55933,3.41187,3.63525,4.51782,4.26147,1.79688,4.29932,1.71387
4.56055,3.41187,3.63525,4.51416,4.25781,1.79688,4.29932,1.71509
4.56177,3.41064,3.63647,4.5166,4.25903,1.79565,4.2981,1.71387
4.56177,3.41064,3.63647,4.5166,4.26025,1.7981,4.30054,1.71387
4.56177,3.41064,3.63647,4.5166,4.26025,1.7981,4.30054,1.71387
4.55933,3.41187,3.63403,4.51416,4.25781,1.7981,4.3042,1.71387
4.56177,3.41064,3.63647,4.5166,4.25903,1.7981,4.30054,1.71387
4.56177,3.41187,3.63647,4.51538,4.25781,1.7981,4.30054,1.71387
4.56055,3.41309,3.63525,4.5166,4.25903,1.79932,4.30298,1.71387
4.56055,3.41309,3.63525,4.5166,4.25903,1.79932,4.3042,1.71509
4.56299,3.41187,3.63647,4.51538,4.25781,1.79932,4.30176,1.71265
4.56177,3.41187,3.63647,4.5166,4.25903,1.80054,4.3042,1.71387
4.56177,3.41187,3.63647,4.5166,4.25903,1.80176,4.30542,1.71387
4.56177,3.41187,3.63647,4.5166,4.25903,1.80176,4.30542,1.71387
4.56543,3.41431,3.63525,4.51538,4.25781,1.80176,4.30542,1.71387
4.56177,3.41431,3.63525,4.51538,4.25781,1.80298,4.30664,1.71387
4.56177,3.41431,3.63525,4.5166,4.25781,1.80298,4.30664,1.71387
4.56299,3.41187,3.63647,4.51538,4.25659,1.80298,4.3042,1.71265
4.56299,3.41187,3.63647,4.5166,4.25781,1.80298,4.30542,1.71265
4.56177,3.41553,3.63525,4.51538,4.25537,1.80298,4.3042,1.71387
4.55933,3.41309,3.63403,4.51416,4.25659,1.80298,4.31152,1.71387
4.56177,3.41675,3.63525,4.51416,4.25537,1.80054,4.30664,1.71387
4.56177,3.41431,3.63525,4.51416,4.25415,1.79932,4.30664,1.71387
4.56299,3.41309,3.63647,4.5166,4.25659,1.7981,4.30542,1.71265
4.56299,3.41309,3.63647,4.5166,4.25659,1.79443,4.30542,1.71265
4.55933,3.41431,3.63525,4.5166,4.25781,1.79077,4.30664,1.71265
4.56177,3.41431,3.63525,4.51538,4.25415,1.78589,4.3042,1.71265
4.55933,3.41431,3.63403,4.51416,4.25537,1.78345,4.30664,1.71265
4.56177,3.41553,3.63525,4.51538,4.25537,1.77734,4.30786,1.71265
4.55933,3.41553,3.63403,4.51416,4.25293,1.77246,4.31152,1.71143
4.56055,3.41553,3.63403,4.51294,4.25171,1.76758,4.30664,1.71387
4.56177,3.41431,3.63525,4.5166,4.25415,1.7627,4.30542,1.71143
4.56177,3.41553,3.63525,4.51538,4.25293,1.75903,4.30664,1.71143
4.56177,3.41553,3.63525,4.51538,4.25293,1.75415,4.30664,1.71143
4.56177,3.41431,3.63403,4.51538,4.25171,1.74927,4.3042,1.71021
4.56055,3.41553,3.63403,4.51538,4.25171,1.74561,4.30542,1.71021
4.56665,3.41675,3.63281,4.51416,4.25049,1.74194,4.30664,1.71021
4.56055,3.41553,3.63281,4.51416,4.25049,1.73706,4.30542,1.70898
4.55933,3.41675,3.63159,4.51294,4.24805,1.73218,4.30542,1.71021
4.55933,3.41675,3.63037,4.51294,4.24805,1.72729,4.30542,1.70898
4.56055,3.41553,3.63037,4.51294,4.24561,1.71875,4.30298,1.70776
4.55688,3.41675,3.62671,4.50928,4.24438,1.71265,4.30908,1.70776
4.55933,3.41553,3.62915,4.51172,4.24438,1.7041,4.30298,1.70654
4.55811,3.41797,3.62671,4.51172,4.24316,1.69556,4.3042,1.70776
4.55688,3.41675,3.62549,4.5105,4.24194,1.68701,4.3042,1.70654
4.55933,3.41797,3.62427,4.50928,4.2395,1.67847,4.3042,1.70654
4.55688,3.41675,3.62427,4.50928,4.2395,1.67114,4.30298,1.70532
4.55688,3.41675,3.62305,4.50806,4.23584,1.6626,4.30176,1.7041
4.55688,3.41675,3.62183,4.50806,4.23584,1.65649,4.30176,1.70288
4.55444,3.41797,3.61816,4.50439,4.23096,1.64795,4.3042,1.7041
4.55566,3.41675,3.61816,4.50562,4.23096,1.64185,4.30054,1.70166
4.55322,3.41797,3.61694,4.50928,4.22974,1.63452,4.30176,1.70166
4.55322,3.41797,3.61572,4.50562,4.22852,1.6272,4.30176,1.70166
4.552,3.41797,3.61084,4.50195,4.22485,1.61987,4.30176,1.70166
4.552,3.41675,3.61084,4.50317,4.22607,1.61255,4.29932,1.698
4.54956,3.41797,3.6084,4.50439,4.22485,1.60522,4.29932,1.698
4.55078,3.41675,3.60718,4.50073,4.22241,1.59668,4.2981,1.69678
4.54712,3.41797,3.60352,4.49951,4.22119,1.58936,4.2981,1.69556
4.54956,3.41553,3.60352,4.49951,4.21875,1.58081,4.29688,1.69434
4.5459,3.41675,3.59985,4.49707,4.21631,1.57471,4.30298,1.69434
4.54712,3.41797,3.60107,4.49707,4.21509,1.5686,4.2981,1.69312
4.5459,3.41675,3.59619,4.49707,4.21387,1.5625,4.2981,1.69312
4.54346,3.41675,3.59375,4.49463,4.21265,1.55762,4.29688,1.69189
4.54346,3.41675,3.59131,4.49219,4.20776,1.54785,4.29688,1.69189
4.54346,3.41553,3.59009,4.49341,4.20898,1.54297,4.29565,1.68945
4.54224,3.41675,3.58765,4.49219,4.20654,1.53564,4.29565,1.68945
4.54102,3.41675,3.58521,4.49097,4.2041,1.52832,4.29443,1.68823
4.53979,3.41675,3.58276,4.48975,4.20166,1.51978,4.29443,1.68701
4.53979,3.41675,3.58032,4.48853,4.19922,1.51245,4.29321,1.68579
4.53857,3.41431,3.57788,4.48853,4.198,1.50635,4.29199,1.68335
4.53491,3.41431,3.573,4.48486,4.19434,1.50024,4.29077,1.68335
4.53613,3.41553,3.57178,4.48364,4.19067,1.49414,4.28955,1.68213
4.53613,3.41309,3.57056,4.48364,4.19067,1.48926,4.28833,1.68091
4.53491,3.41309,3.56812,4.48242,4.18823,1.4856,4.28833,1.67969
4.53369,3.41309,3.56445,4.4812,4.18579,1.48071,4.28833,1.67847
4.53125,3.41309,3.56201,4.48242,4.18213,1.47461,4.28711,1.67847
4.53125,3.41187,3.55957,4.47876,4.18091,1.46973,4.28589,1.67603
4.52759,3.41187,3.55469,4.4751,4.17725,1.46484,4.29199,1.67603
4.52881,3.41064,3.55347,4.47632,4.17603,1.45752,4.28467,1.6748
4.52637,3.41187,3.5498,4.47266,4.17114,1.45142,4.28223,1.67358
4.52515,3.40942,3.54736,4.47266,4.17114,1.44653,4.28345,1.67236
4.52148,3.41064,3.54248,4.47266,4.17114,1.44043,4.28223,1.67236
4.52271,3.4082,3.54126,4.46899,4.16382,1.43311,4.27979,1.66992
4.52148,3.40942,3.5376,4.46777,4.1626,1.42822,4.28101,1.66992
4.52026,3.4082,3.53516,4.46533,4.15894,1.4209,4.27734,1.66748
4.5166,3.4082,3.53027,4.46289,4.15771,1.41602,4.27856,1.66748
4.51782,3.40576,3.52905,4.46289,4.15405,1.40869,4.27612,1.66626
4.52148,3.40698,3.52539,4.46045,4.15161,1.40259,4.27734,1.66504
4.51172,3.40576,3.52051,4.45801,4.14795,1.39771,4.27612,1.66382
4.51294,3.40332,3.51929,4.45801,4.14551,1.3916,4.27368,1.6626
4.5105,3.40576,3.51563,4.45557,4.14307,1.38672,4.27368,1.6626
4.50806,3.4082,3.51196,4.4519,4.13818,1.38184,4.27124,1.66138
4.50562,3.40332,3.5083,4.45313,4.1394,1.37573,4.27124,1.66016
4.50439,3.40332,3.50708,4.4519,4.1333,1.37085,4.27002,1.65894
4.50317,3.4021,3.50342,4.4519,4.13086,1.36475,4.2688,1.65771
4.50317,3.39966,3.49976,4.44702,4.12842,1.35864,4.26636,1.65527
4.50073,3.39966,3.49609,4.4458,4.12598,1.35254,4.26758,1.65527
4.49951,3.39966,3.49243,4.44214,4.12109,1.34521,4.26392,1.65283
4.49829,3.396,3.48999,4.44214,4.12109,1.34033,4.2627,1.65161
4.49707,3.39478,3.48633,4.44092,4.11865,1.33423,4.2627,1.65161
4.49463,3.396,3.48267,4.43848,4.11499,1.32813,4.2627,1.65039
4.49341,3.39478,3.48022,4.43604,4.11255,1.3208,4.26025,1.64917
4.49097,3.39478,3.47534,4.43359,4.10889,1.31592,4.26025,1.64795
4.49219,3.39355,3.47534,4.43115,4.10522,1.30981,4.25781,1.64673
4.4873,3.39111,3.46924,4.42993,4.104,1.30493,4.25659,1.64551
4.48486,3.39111,3.46558,4.42749,4.10034,1.30005,4.25537,1.64551
4.48486,3.38989,3.46191,4.42505,4.09668,1.29395,4.25171,1.64307
4.48242,3.38867,3.45825,4.42383,4.09546,1.28906,4.25293,1.64185
4.48242,3.38867,3.45581,4.42139,4.0918,1.28296,4.25171,1.64063
4.47876,3.38867,3.45093,4.41895,4.08691,1.27686,4.24805,1.64063
4.47754,3.38501,3.44849,4.41895,4.08691,1.27197,4.24927,1.63818
4.4751,3.38501,3.44727,4.41772,4.08325,1.26587,4.24683,1.63696
4.47266,3.38623,3.43994,4.41284,4.07959,1.25977,4.24438,1.63696
4.47021,3.38135,3.43628,4.4104,4.07593,1.25488,4.24438,1.63574
4.47021,3.37891,3.43506,4.41162,4.07593,1.25,4.24194,1.6333
4.46777,3.37891,3.43018,4.40918,4.07349,1.24634,4.24194,1.6333
4.46411,3.37646,3.42529,4.40552,4.06982,1.24268,4.24316,1.63086
4.46411,3.37524,3.42407,4.40674,4.0686,1.23901,4.23828,1.62964
4.46045,3.37402,3.41797,4.40186,4.06372,1.23413,4.23828,1.63086
4.46045,3.37402,3.41553,4.40063,4.06128,1.23047,4.2334,1.6272
4.45801,3.37036,3.41309,4.40063,4.06128,1.22681,4.2334,1.62598
4.45435,3.37036,3.40698,4.39575,4.0564,1.22192,4.23218,1.6272
4.45557,3.36914,3.40454,4.39575,4.05518,1.21704,4.23096,1.62476
4.4519,3.36914,3.40088,4.39331,4.05151,1.20972,4.22729,1.62354
4.44946,3.36548,3.39722,4.39331,4.05151,1.20483,4.22852,1.62231
4.44702,3.36426,3.39355,4.38965,4.04541,1.19873,4.22485,1.62109
4.4458,3.3606,3.39111,4.38965,4.04419,1.19385,4.22363,1.61865
4.44336,3.3606,3.38867,4.38843,4.04175,1.18774,4.22241,1.61865
4.44214,3.35815,3.38257,4.38477,4.03809,1.18164,4.21997,1.61621
4.43848,3.35693,3.37769,4.3811,4.03442,1.17554,4.21997,1.61743
4.43726,3.35449,3.37524,4.38232,4.0332,1.16943,4.21631,1.61377
4.43237,3.35327,3.37036,4.37744,4.02954,1.16333,4.21753,1.61377
4.43115,3.35205,3.3667,4.37744,4.02832,1.15845,4.21387,1.61255
4.42993,3.35083,3.36426,4.375,4.02344,1.15356,4.21387,1.61133
4.42627,3.34839,3.35938,4.375,4.02222,1.14868,4.21021,1.61011
4.42505,3.34595,3.35693,4.37378,4.01733,1.1438,4.20898,1.60889
4.42505,3.34351,3.35327,4.3689,4.01489,1.14014,4.20776,1.60767
4.42261,3.34106,3.34839,4.36646,4.01001,1.13525,4.2041,1.60645
4.42017,3.34106,3.34473,4.36523,4.00879,1.13281,4.20532,1.60522
4.4165,3.33984,3.34229,4.36401,4.00513,1.12915,4.20288,1.604
4.41406,3.33618,3.33618,4.35791,4.00146,1.12549,4.20166,1.60278
4.41284,3.33496,3.33374,4.35791,4.00024,1.12305,4.20044,1.60278
4.41162,3.3313,3.33008,4.35547,3.99658,1.11938,4.19678,1.60034
4.40796,3.3313,3.3252,4.35303,3.99292,1.11572,4.19678,1.60034
4.40796,3.32764,3.32275,4.35059,3.98926,1.11084,4.19189,1.5979
4.40552,3.3252,3.31909,4.34814,3.98682,1.10596,4.19067,1.59668
4.40674,3.3252,3.31421,4.3457,3.98315,1.10107,4.19067,1.59668
4.40063,3.32275,3.31055,4.34326,3.97949,1.09619,4.18945,1.59546
4.39697,3.32031,3.30811,4.3457,3.97583,1.09131,4.18579,1.59424
4.39331,3.31787,3.302,4.33838,3.97583,1.08643,4.18457,1.59302
4.39087,3.31665,3.29834,4.33716,3.97339,1.08276,4.18213,1.5918
4.39087,3.31299,3.2959,4.33472,3.96851,1.07788,4.18091,1.59058
4.38721,3.31177,3.29102,4.32861,3.9624,1.07422,4.17969,1.5918
4.38599,3.31055,3.28735,4.32739,3.95996,1.07056,4.17603,1.58813
4.38477,3.30566,3.28491,4.32739,3.95874,1.06812,4.1748,1.58691
4.38354,3.30566,3.28003,4.32251,3.95508,1.06445,4.17358,1.58691
4.37866,3.30322,3.27637,4.32129,3.95264,1.06201,4.17236,1.58569
4.37622,3.30078,3.27026,4.31641,3.94775,1.05957,4.17236,1.58447
4.37378,3.29712,3.26782,4.31396,3.94409,1.05591,4.16748,1.58325
4.37256,3.29468,3.26538,4.31396,3.94409,1.05347,4.16504,1.58203
4.37012,3.29224,3.26172,4.31152,3.94043,1.05103,4.16382,1.58081
4.36768,3.28979,3.25684,4.30908,3.93799,1.04736,4.1626,1.57959
4.36523,3.28857,3.25317,4.3042,3.93311,1.0437,4.15771,1.57837
4.36279,3.28735,3.24951,4.30298,3.93066,1.04126,4.15771,1.57715
4.36035,3.28491,3.24463,4.29932,3.92822,1.03882,4.15649,1.57715
4.35669,3.28125,3.23975,4.29565,3.92334,1.03516,4.15894,1.57471
4.35669,3.27759,3.2373,4.29443,3.92212,1.03149,4.15039,1.57349
4.35425,3.27515,3.23364,4.29199,3.91846,1.02783,4.14795,1.57227
4.34937,3.27393,3.22754,4.28711,3.91357,1.02295,4.15039,1.57349
4.34937,3.27026,3.2251,4.28589,3.91235,1.01807,4.14429,1.56982
4.3457,3.26904,3.22266,4.28345,3.90869,1.0144,4.14429,1.56982
4.34448,3.2666,3.21777,4.27979,3.90625,1.01074,4.14307,1.5686
4.3396,3.26416,3.21167,4.27612,3.90259,1.00708,4.14307,1.56738
4.33716,3.26172,3.20923,4.27734,3.90015,1.00464,4.13818,1.56616
4.33716,3.25806,3.20557,4.27246,3.89771,1.00098,4.13696,1.56494
4.33472,3.25562,3.2019,4.27002,3.89526,0.997314,4.13452,1.56372
4.3335,3.25195,3.19824,4.26758,3.8916,0.993652,4.13086,1.5625
4.33105,3.25195,3.19458,4.26392,3.88794,0.98999,4.13086,1.5625
4.32617,3.24829,3.19092,4.26758,3.8855,0.986328,4.1272,1.56128
4.32495,3.24585,3.18848,4.25781,3.88184,0.982666,4.12598,1.56006
4.32251,3.24341,3.18237,4.25659,3.88062,0.980225,4.12476,1.55884
4.32007,3.24097,3.17749,4.25293,3.87695,0.976562,4.12231,1.55762
4.31885,3.2373,3.17505,4.25049,3.87451,0.974121,4.11987,1.5564
4.31396,3.23486,3.16895,4.24561,3.87085,0.97168,4.11987,1.55518
4.31274,3.23364,3.1665,4.24438,3.86841,0.969238,4.11621,1.55518
4.31152,3.22876,3.16284,4.24194,3.86353,0.965576,4.11133,1.55273
4.31152,3.22754,3.15796,4.23828,3.8623,0.963135,4.11133,1.55273
4.30664,3.22266,3.15552,4.23584,3.85864,0.960693,4.10767,1.55029
4.30298,3.22144,3.14941,4.23096,3.85498,0.957031,4.10889,1.55151
4.30054,3.21899,3.14575,4.22852,3.85132,0.95459,4.10645,1.55029
4.29932,3.21533,3.14331,4.22852,3.85132,0.952148,4.104,1.54785
4.29688,3.21167,3.13965,4.22607,3.84888,0.948486,4.10034,1.54663
4.29199,3.21045,3.13354,4.22241,3.84766,0.944824,4.09912,1.54541
4.29321,3.20801,3.1311,4.21753,3.84155,0.941162,4.09546,1.54419
4.28955,3.20435,3.12622,4.21387,3.83789,0.938721,4.09546,1.54541
4.28833,3.20313,3.12256,4.21265,3.83545,0.935059,4.0918,1.54297
4.28467,3.19824,3.11768,4.20776,3.83179,0.932617,4.0918,1.54175
4.28223,3.19946,3.11401,4.20532,3.82935,0.928955,4.08813,1.54175
4.28101,3.19458,3.11035,4.20288,3.8269,0.926514,4.08447,1.53931
4.27979,3.19092,3.10669,4.20166,3.82446,0.922852,4.08447,1.53931
4.2749,3.18726,3.10181,4.19678,3.8208,0.919189,4.08325,1.53931
4.27124,3.18481,3.09814,4.19556,3.82324,0.916748,4.07959,1.53687
4.27124,3.18237,3.09448,4.19312,3.81714,0.914307,4.07959,1.53687
4.27246,3.17993,3.09082,4.18945,3.81348,0.911865,4.07715,1.53564
4.26636,3.17505,3.08716,4.18823,3.81104,0.909424,4.07349,1.53442
4.26392,3.17383,3.08228,4.18457,3.80859,0.906982,4.07227,1.5332
4.26147,3.16895,3.07983,4.18213,3.80493,0.904541,4.06982,1.53198
4.26025,3.16772,3.07861,4.17725,3.80127,0.9021,4.06738,1.53198
4.25537,3.16406,3.07007,4.17358,3.79883,0.899658,4.06616,1.52954
4.25781,3.16162,3.07007,4.17114,3.79517,0.897217,4.06372,1.52954
4.25171,3.15918,3.06396,4.17358,3.7915,0.894775,4.06128,1.52832
4.24927,3.15552,3.05908,4.16382,3.78784,0.892334,4.0625,1.52832
4.24683,3.15186,3.0542,4.16138,3.7854,0.889893,4.05762,1.52832
4.24561,3.14819,3.05298,4.16138,3.78418,0.887451,4.05518,1.52466
4.24316,3.14941,3.0481,4.15527,3.77808,0.88501,4.05273,1.52466
4.24072,3.14453,3.04565,4.15405,3.77686,0.882568,4.05151,1.52344
4.23828,3.14087,3.04077,4.15161,3.77563,0.880127,4.05029,1.52222
4.23584,3.13721,3.03711,4.14795,3.77075,0.877686,4.04541,1.521
4.23218,3.13477,3.03345,4.14795,3.76831,0.875244,4.04419,1.521
4.23096,3.1311,3.02979,4.14307,3.76587,0.874023,4.04419,1.51978
4.22974,3.12744,3.02612,4.1394,3.76343,0.871582,4.03931,1.51855
4.22607,3.12866,3.02124,4.13452,3.75732,0.869141,4.03809,1.51855
4.22363,3.12256,3.0188,4.1333,3.75732,0.865479,4.03687,1.51733
4.21997,3.1189,3.0127,4.12842,3.75366,0.864258,4.03442,1.51611
4.21753,3.11523,3.00903,4.12476,3.74878,0.859375,4.0332,1.51733
4.21509,3.11279,3.00537,4.12231,3.74634,0.856934,4.03198,1.51489
4.21509,3.11035,3.00293,4.11987,3.74268,0.854492,4.02588,1.51367
4.21265,3.10669,2.99927,4.11743,3.73901,0.852051,4.02344,1.51245
4.21021,3.10303,2.99561,4.11499,3.73657,0.85083,4.02222,1.51123
4.20654,3.10181,2.99072,4.11011,3.73291,0.847168,4.021,1.51123
4.20532,3.09692,2.98828,4.10889,3.73047,0.844727,4.01733,1.50879
4.20288,3.09448,2.98462,4.10522,3.72681,0.842285,4.01489,1.50879
4.20044,3.09204,2.97974,4.10278,3.72437,0.839844,4.01367,1.50757
4.198,3.08838,2.97607,4.10034,3.72192,0.838623,4.01367,1.50757
4.19556,3.0835,2.97363,4.0979,3.71948,0.836182,4.00879,1.50513
4.19434,3.08105,2.96997,4.09546,3.71582,0.83374,4.00635,1.50513
4.19434,3.07983,2.96509,4.0918,3.71338,0.83252,4.00635,1.50513
4.18945,3.07495,2.96265,4.08936,3.71094,0.830078,4.00269,1.50269
4.18579,3.07495,2.95654,4.08447,3.70728,0.827637,4.00146,1.50391
4.18335,3.07007,2.9541,4.08325,3.70605,0.825195,4.00024,1.50269
4.17969,3.06641,2.95044,4.08325,3.70239,0.822754,3.9978,1.50146
4.17969,3.06152,2.948,4.07837,3.70117,0.820312,3.99536,1.50024
4.17969,3.0603,2.94312,4.07471,3.69751,0.817871,3.99414,1.50024
4.17358,3.05664,2.94067,4.07349,3.69507,0.81543,3.9917,1.49902
4.17236,3.05664,2.93579,4.0686,3.69019,0.812988,3.98804,1.4978
4.17236,3.05176,2.93213,4.06616,3.68896,0.811768,3.98804,1.4978
4.16626,3.04688,2.92725,4.0625,3.68652,0.810547,3.98926,1.49536
4.16626,3.04321,2.92603,4.06128,3.68286,0.808105,3.98193,1.49414
4.16382,3.03955,2.92236,4.05884,3.68042,0.805664,3.97949,1.49414
4.15894,3.03711,2.91748,4.05396,3.67676,0.804443,3.97949,1.49414
4.15894,3.03589,2.91382,4.05151,3.67432,0.802002,3.97583,1.49292
4.15405,3.03101,2.91016,4.05029,3.67676,0.799561,3.97461,1.4917
4.15405,3.02734,2.90771,4.04785,3.67065,0.797119,3.97339,1.49048
4.15161,3.02368,2.90405,4.04541,3.66821,0.795898,3.97095,1.49048
4.14795,3.02246,2.90039,4.04297,3.66577,0.792236,3.96851,1.48926
4.14673,3.01758,2.89795,4.03931,3.66333,0.789795,3.96729,1.48804
4.14307,3.01514,2.89307,4.03564,3.66089,0.787354,3.96484,1.48804
4.14307,3.01025,2.89063,4.0332,3.65723,0.783691,3.96118,1.48682
4.14063,3.00903,2.88696,4.02954,3.65479,0.78125,3.96118,1.48682
4.13818,3.00537,2.8833,4.02588,3.6499,0.777588,3.9563,1.48438
4.13452,3.00293,2.87842,4.02344,3.64746,0.775146,3.95996,1.48438
4.1333,2.99927,2.8772,4.02222,3.64624,0.772705,3.95508,1.48315
4.12964,2.99561,2.87231,4.01611,3.64136,0.771484,3.95264,1.48315
4.1272,2.99316,2.86865,4.01489,3.64014,0.769043,3.94897,1.48193
4.12598,2.99072,2.86621,4.01245,3.6377,0.767822,3.94897,1.48071
4.12598,2.98584,2.86377,4.01001,3.63403,0.765381,3.94409,1.47949
4.12231,2.9834,2.85889,4.00513,3.63037,0.762939,3.94531,1.48071
4.12109,2.97974,2.85645,4.00513,3.63037,0.760498,3.94165,1.47827
4.11743,2.97729,2.85278,4.00146,3.62671,0.758057,3.94043,1.47827
4.11621,2.97241,2.85034,4.00024,3.62427,0.755615,3.93677,1.47705
4.11499,2.96997,2.84668,3.99658,3.62061,0.754395,3.93433,1.47583
4.11377,2.96875,2.84302,3.99292,3.61816,0.753174,3.93311,1.47583
4.10889,2.96509,2.83936,3.99048,3.6145,0.750732,3.92944,1.47461
4.10767,2.96021,2.83691,3.98926,3.61328,0.749512,3.92822,1.47339
4.104,2.95776,2.83325,3.9856,3.61084,0.748291,3.92822,1.47339
4.10278,2.95532,2.82959,3.98315,3.6084,0.74707,3.92578,1.47217
4.10156,2.95044,2.82715,3.98071,3.60596,0.74585,3.92212,1.47095
4.09912,2.94678,2.82471,3.97827,3.60352,0.744629,3.91968,1.46973
4.09668,2.94434,2.82104,3.97583,3.60229,0.743408,3.91968,1.46973
4.09424,2.94067,2.81738,3.97339,3.59863,0.740967,3.91602,1.46851
4.09058,2.93823,2.8125,3.96851,3.59497,0.738525,3.91846,1.46851
4.08936,2.93701,2.81006,3.96606,3.59131,0.736084,3.91113,1.46729
4.08569,2.93213,2.8064,3.96484,3.59375,0.736084,3.91113,1.46729
4.08569,2.92847,2.80518,3.9624,3.58887,0.733643,3.90991,1.46606
4.08325,2.92969,2.80029,3.95752,3.58398,0.731201,3.90625,1.46606
4.08203,2.92114,2.79907,3.95752,3.58276,0.72998,3.90381,1.46484
4.07837,2.9187,2.79541,3.95508,3.58154,0.727539,3.90381,1.46362
4.07593,2.9187,2.79175,3.9502,3.57666,0.725098,3.90137,1.46484
4.07349,2.91382,2.78931,3.94897,3.57666,0.725098,3.90015,1.4624
4.07104,2.91016,2.78442,3.94409,3.57178,0.722656,3.89893,1.46118
4.06982,2.90649,2.7832,3.94409,3.57178,0.721436,3.89526,1.46118
4.06616,2.90405,2.77832,3.93921,3.56689,0.720215,3.89404,1.4624
4.06616,2.90039,2.7771,3.93799,3.56567,0.718994,3.88916,1.45874
4.06372,2.89795,2.77344,3.93555,3.56201,0.717773,3.88794,1.45874
4.06006,2.89429,2.76855,3.93188,3.55957,0.716553,3.88916,1.45874
4.0625,2.89185,2.76733,3.93066,3.55835,0.715332,3.8855,1.45752
4.06006,2.88818,2.76367,3.92822,3.55591,0.714111,3.88428,1.45752
4.05518,2.8833,2.76123,3.927,3.55469,0.712891,3.88062,1.4563
4.05273,2.88208,2.75757,3.92334,3.55103,0.710449,3.88062,1.4563
4.05151,2.8772,2.75513,3.9209,3.54858,0.709229,3.87695,1.45386
4.04907,2.87354,2.75269,3.91846,3.54614,0.708008,3.87451,1.45264
4.04663,2.87109,2.74902,3.91602,3.54492,0.706787,3.87329,1.45264
4.04419,2.86865,2.74536,3.91357,3.54248,0.704346,3.87207,1.45264
4.04297,2.86499,2.74292,3.91113,3.54004,0.703125,3.86963,1.45142
4.03931,2.86255,2.73926,3.90625,3.53516,0.701904,3.86719,1.45142
4.03687,2.86011,2.73682,3.90625,3.53516,0.701904,3.86719,1.45142
4.03442,2.85645,2.73315,3.90015,3.53027,0.699463,3.86475,1.45142
4.03442,2.85156,2.73193,3.90015,3.52905,0.698242,3.86108,1.44897
4.0332,2.85034,2.73193,3.89771,3.52661,0.697021,3.85986,1.44897
4.02832,2.84668,2.72583,3.89526,3.52417,0.695801,3.85864,1.44775
4.02832,2.84302,2.72217,3.89282,3.52173,0.693359,3.85376,1.44653
4.02344,2.84058,2.71851,3.88916,3.51929,0.692139,3.85742,1.44653
4.02344,2.83569,2.71729,3.88794,3.51807,0.690918,3.85132,1.44531
4.02222,2.83325,2.71362,3.8855,3.5144,0.688477,3.84888,1.44409
4.01855,2.83081,2.70996,3.88306,3.51318,0.687256,3.84888,1.44409
4.01733,2.82593,2.70874,3.88062,3.51074,0.684814,3.84521,1.44287
4.01367,2.82471,2.70508,3.88184,3.5083,0.683594,3.84399,1.44287
4.01367,2.81982,2.70264,3.87573,3.50586,0.682373,3.84155,1.44165
4.00879,2.8186,2.69775,3.87207,3.50586,0.682373,3.84033,1.44165
4.01001,2.81372,2.69653,3.87085,3.5022,0.679932,3.83789,1.44043
4.00635,2.81128,2.69409,3.86841,3.50098,0.678711,3.83789,1.44043
4.00635,2.80884,2.69287,3.86475,3.49731,0.67749,3.83545,1.44043
4.00391,2.80518,2.68799,3.86353,3.49487,0.67627,3.83179,1.43799
4.00391,2.80273,2.68433,3.85986,3.49365,0.675049,3.83179,1.43921
4.00024,2.79785,2.68311,3.85864,3.49121,0.673828,3.82935,1.43677
3.99658,2.79663,2.67944,3.8562,3.48999,0.672607,3.82813,1.43677
3.99536,2.79297,2.677,3.85376,3.48755,0.671387,3.8269,1.43677
3.99414,2.78931,2.67456,3.85132,3.48511,0.670166,3.82324,1.43555
3.9917,2.78687,2.67212,3.84766,3.48267,0.667725,3.8208,1.43433
3.98804,2.78442,2.66724,3.84399,3.48022,0.666504,3.82202,1.43433
3.98804,2.78076,2.66602,3.84399,3.479,0.665283,3.81836,1.43311
3.98315,2.77832,2.66235,3.83789,3.47656,0.662842,3.81958,1.43311
3.98193,2.77588,2.66113,3.84277,3.47412,0.661621,3.8147,1.43311
3.98071,2.77222,2.65747,3.83545,3.4729,0.6604,3.81348,1.43188
3.97949,2.76978,2.65503,3.83301,3.47046,0.65918,3.81226,1.43188
3.97705,2.76611,2.65259,3.83057,3.46924,0.657959,3.80981,1.43066
3.97583,2.76245,2.64893,3.8269,3.46558,0.656738,3.80615,1.42944
3.97339,2.76001,2.64648,3.82568,3.46436,0.655518,3.80615,1.42944
3.97095,2.75635,2.64282,3.8208,3.46191,0.654297,3.80737,1.42822
3.96851,2.75391,2.64038,3.81958,3.46191,0.653076,3.80127,1.42822
3.96851,2.75024,2.63916,3.81714,3.45825,0.651855,3.80127,1.42822
3.96484,2.7478,2.63428,3.81348,3.45459,0.650635,3.80127,1.427
3.96484,2.74292,2.63428,3.81226,3.45337,0.648193,3.79517,1.42578
3.96118,2.7417,2.62939,3.80981,3.45337,0.648193,3.79395,1.42578
3.95996,2.73804,2.62817,3.80737,3.45093,0.646973,3.79395,1.42578
3.95996,2.73438,2.62573,3.80493,3.44727,0.645752,3.78906,1.42334
3.9563,2.73315,2.62207,3.80249,3.44604,0.644531,3.79028,1.42456
3.95508,2.72949,2.61963,3.80005,3.44482,0.643311,3.78784,1.42334
3.95264,2.72949,2.61597,3.79639,3.44116,0.64209,3.7854,1.42334
3.9502,2.72339,2.61353,3.79272,3.43872,0.64209,3.78418,1.42334
3.94775,2.72095,2.6123,3.79517,3.4375,0.64209,3.78174,1.42212
3.94653,2.71729,2.60864,3.79028,3.43628,0.640869,3.78052,1.4209
3.94409,2.71484,2.60498,3.78662,3.4375,0.640869,3.77808,1.41968
3.94287,2.71118,2.60254,3.78296,3.4314,0.639648,3.7793,1.41968
3.94165,2.70874,2.6001,3.78052,3.42896,0.638428,3.77686,1.4209
3.94043,2.7063,2.59888,3.7793,3.42896,0.638428,3.77441,1.41846
3.93921,2.70142,2.59644,3.77808,3.42651,0.637207,3.77075,1.41724
3.93555,2.7002,2.59277,3.77563,3.42773,0.635986,3.76953,1.41724
3.93311,2.69653,2.59033,3.77197,3.42407,0.634766,3.76709,1.41602
3.93311,2.69409,2.59033,3.77075,3.42041,0.633545,3.76587,1.41602
3.93066,2.69043,2.58545,3.76587,3.41797,0.632324,3.76465,1.41602
3.92944,2.68799,2.58301,3.76587,3.41797,0.631104,3.76343,1.41479
3.92944,2.68555,2.58179,3.76221,3.41431,0.628662,3.76099,1.41479
3.92578,2.68188,2.57813,3.75977,3.41309,0.627441,3.75977,1.41357
3.92334,2.67822,2.57446,3.7561,3.41064,0.626221,3.76221,1.41235
3.92334,2.67578,2.57324,3.75488,3.4082,0.623779,3.75366,1.41235
3.92456,2.67334,2.5708,3.75244,3.40698,0.623779,3.75488,1.41235
3.9209,2.66846,2.56958,3.75122,3.40576,0.621338,3.75122,1.41113
3.91602,2.66724,2.5647,3.74756,3.40454,0.621338,3.75,1.41113
3.91479,2.66357,2.56226,3.7439,3.39966,0.618896,3.75,1.41235
3.91357,2.66113,2.55981,3.74146,3.39844,0.617676,3.75,1.41113
3.91113,2.65869,2.55859,3.74268,3.39722,0.616455,3.74512,1.40869
3.91113,2.65503,2.55737,3.73901,3.396,0.616455,3.7439,1.40869
3.90747,2.65259,2.55249,3.73535,3.39478,0.615234,3.74146,1.40747
3.90625,2.65015,2.55127,3.73535,3.396,0.614014,3.73901,1.40747
3.90747,2.64771,2.55249,3.73047,3.38989,0.612793,3.73779,1.40747
3.90381,2.64404,2.54639,3.72803,3.38867,0.612793,3.73657,1.40625
3.90137,2.64038,2.54395,3.72437,3.38501,0.610352,3.73535,1.40503
3.90015,2.63916,2.5415,3.72314,3.38257,0.609131,3.73169,1.40503
3.89771,2.6355,2.54028,3.72559,3.38257,0.609131,3.73047,1.40381
3.89648,2.63306,2.53784,3.72192,3.38013,0.60791,3.72925,1.40381
3.89526,2.62939,2.5354,3.71704,3.37891,0.606689,3.72803,1.40381
3.89282,2.62695,2.53174,3.71338,3.37646,0.605469,3.72681,1.40381
3.89526,2.62451,2.53052,3.71216,3.37524,0.604248,3.72437,1.40259
3.8916,2.61963,2.5293,3.71094,3.37402,0.604248,3.72192,1.40137
3.89038,2.61719,2.52686,3.7085,3.37158,0.603027,3.71948,1.40015
3.88794,2.61475,2.52441,3.70605,3.37036,0.601807,3.71704,1.40015
3.88672,2.6123,2.52197,3.70361,3.36914,0.600586,3.71704,1.40015
3.88428,2.60864,2.51953,3.70239,3.3667,0.600586,3.7146,1.39893
3.88306,2.6062,2.51709,3.69995,3.36548,0.599365,3.71338,1.39893
3.88062,2.60376,2.51465,3.69629,3.36304,0.598145,3.71216,1.39893
3.87817,2.6001,2.51221,3.69385,3.36182,0.598145,3.70972,1.39771
3.87817,2.59888,2.51099,3.69263,3.3606,0.596924,3.70972,1.39771
3.87695,2.59399,2.50854,3.69019,3.35815,0.595703,3.70483,1.39648
3.87573,2.59277,2.5061,3.68774,3.35571,0.594482,3.70361,1.39648
3.87329,2.59155,2.50366,3.68408,3.35327,0.594482,3.70361,1.39648
3.87085,2.58667,2.50122,3.68164,3.35083,0.593262,3.70239,1.39648
3.86963,2.58423,2.5,3.68164,3.35205,0.593262,3.70117,1.39526
3.86719,2.58057,2.49634,3.67798,3.34839,0.592041,3.70117,1.39404
3.86475,2.57935,2.49512,3.67676,3.34961,0.59082,3.69629,1.39404
3.86597,2.57568,2.4939,3.67554,3.34717,0.59082,3.69507,1.39282
3.8623,2.57324,2.49023,3.6731,3.34717,0.5896,3.69385,1.39282
3.8623,2.56958,2.49023,3.67065,3.34351,0.588379,3.69263,1.39282
3.8623,2.56836,2.48901,3.66821,3.34106,0.587158,3.69141,1.3916
3.85742,2.5647,2.48413,3.66455,3.33984,0.587158,3.69019,1.3916
3.85742,2.56226,2.48413,3.66821,3.3374,0.585937,3.68652,1.39038
3.85498,2.55859,2.48047,3.65967,3.33496,0.584717,3.68652,1.3916
3.85254,2.55615,2.47803,3.65967,3.33496,0.584717,3.68408,1.39038
3.85132,2.55371,2.47681,3.65723,3.33374,0.583496,3.68164,1.38916
3.85254,2.55005,2.47559,3.65601,3.3313,0.582275,3.68042,1.38916
3.8501,2.54883,2.47314,3.65356,3.33008,0.581055,3.6792,1.38916
3.8501,2.54517,2.47192,3.65112,3.32764,0.579834,3.67554,1.38672
3.84521,2.54272,2.46826,3.6499,3.33008,0.579834,3.67554,1.38672
3.84521,2.54028,2.46826,3.64746,3.3252,0.578613,3.67432,1.38672
3.84399,2.53784,2.46582,3.64624,3.32397,0.578613,3.6731,1.38672
3.84155,2.53418,2.46338,3.64258,3.32275,0.577393,3.67065,1.3855
3.84277,2.53052,2.46216,3.64136,3.32031,0.576172,3.66821,1.38428
3.84033,2.5293,2.45972,3.63892,3.31787,0.574951,3.66577,1.38428
3.84277,2.52686,2.4585,3.63647,3.31665,0.574951,3.66699,1.38428
3.83789,2.52441,2.45728,3.63525,3.31421,0.57373,3.66333,1.38306
3.83545,2.52197,2.45483,3.63281,3.31299,0.57251,3.66211,1.38306
3.83545,2.51831,2.45361,3.63159,3.31177,0.571289,3.65967,1.38306
3.83301,2.51587,2.45117,3.63037,3.31177,0.571289,3.66089,1.38306
3.82935,2.51343,2.44751,3.62671,3.30933,0.570068,3.66089,1.38184
3.83057,2.50977,2.44751,3.62671,3.30811,0.568848,3.65601,1.38062
3.82935,2.50854,2.44507,3.62305,3.30566,0.568848,3.65356,1.38062
3.82813,2.5061,2.44507,3.62183,3.30566,0.568848,3.65356,1.38062
3.82446,2.50244,2.44141,3.61816,3.30322,0.567627,3.65479,1.38062
3.82813,2.50122,2.44019,3.61816,3.302,0.567627,3.65112,1.38062
3.8208,2.49756,2.43774,3.61694,3.30322,0.566406,3.64868,1.37939
3.81958,2.49512,2.4353,3.61328,3.29956,0.565186,3.65112,1.37817
3.8208,2.49146,2.4353,3.61206,3.29712,0.563965,3.6438,1.37817
3.81836,2.49023,2.43286,3.61084,3.29712,0.563965,3.64502,1.37817
3.81714,2.48779,2.43164,3.6084,3.2959,0.562744,3.6438,1.37817
3.81592,2.48413,2.4292,3.60718,3.29468,0.562744,3.64136,1.37695
3.81348,2.48291,2.42798,3.60474,3.29346,0.561523,3.64014,1.37695
3.81104,2.48047,2.42554,3.60229,3.29102,0.560303,3.64136,1.37573
3.81226,2.47681,2.42432,3.60229,3.29102,0.559082,3.63647,1.37573
3.80981,2.47437,2.42188,3.59863,3.28735,0.557861,3.63525,1.37573
3.80981,2.47192,2.42188,3.59863,3.28735,0.557861,3.63403,1.37451
3.80615,2.46948,2.41821,3.59497,3.28613,0.557861,3.63159,1.37451
3.80493,2.46704,2.41699,3.59375,3.28369,0.556641,3.63159,1.37329
3.80493,2.4646,2.41577,3.59253,3.28369,0.556641,3.62915,1.37329
3.80371,2.46216,2.41455,3.59131,3.28247,0.55542,3.62793,1.37329
3.80005,2.45972,2.41211,3.58887,3.28247,0.55542,3.62549,1.37207
3.79883,2.45728,2.40967,3.58643,3.28125,0.55542,3.62427,1.37207
3.80005,2.45483,2.40967,3.58521,3.27759,0.554199,3.62183,1.37085
3.79883,2.45239,2.41089,3.58398,3.27637,0.552979,3.62183,1.37207
3.79639,2.44995,2.40601,3.58276,3.27515,0.551758,3.62061,1.37085
3.80005,2.44751,2.40479,3.58032,3.27393,0.551758,3.61938,1.37085
3.79517,2.44385,2.40356,3.58032,3.27271,0.550537,3.61694,1.36963
3.79395,2.44141,2.40234,3.57788,3.27148,0.550537,3.6145,1.36841
3.79028,2.44019,2.39868,3.57544,3.27148,0.549316,3.6145,1.36841
3.79028,2.44141,2.39746,3.573,3.2666,0.548096,3.61328,1.36841
3.79028,2.43408,2.39746,3.573,3.26782,0.548096,3.61084,1.36719
3.78784,2.43164,2.39502,3.57056,3.2666,0.548096,3.61084,1.36719
3.78662,2.4292,2.3938,3.56934,3.26538,0.546875,3.60718,1.36719
3.78418,2.42798,2.39258,3.56689,3.26294,0.546875,3.60718,1.36719
3.78296,2.42432,2.39014,3.56445,3.2605,0.545654,3.60596,1.36719
3.78174,2.4231,2.38892,3.56201,3.25928,0.544434,3.60596,1.36597
3.7793,2.42065,2.3877,3.56445,3.2605,0.544434,3.60229,1.36597
3.78052,2.41699,2.38647,3.56201,3.25806,0.543213,3.59985,1.36475
3.7793,2.41455,2.38525,3.56079,3.25806,0.543213,3.59985,1.36475
3.77808,2.41211,2.38281,3.55835,3.25684,0.541992,3.59863,1.36353
3.77686,2.41089,2.38159,3.55713,3.25439,0.540771,3.59741,1.36353
3.77563,2.40845,2.38037,3.55469,3.25195,0.539551,3.59375,1.36353
3.77441,2.40601,2.37915,3.55469,3.25317,0.539551,3.59497,1.36353
3.77319,2.40356,2.37671,3.55103,3.24951,0.53833,3.59131,1.3623
3.77197,2.40112,2.37549,3.55103,3.25073,0.53833,3.59131,1.3623
3.77075,2.39868,2.37427,3.54858,3.24707,0.53833,3.58765,1.36108
3.76831,2.39624,2.37183,3.54614,3.24585,0.537109,3.58887,1.3623
3.76587,2.3938,2.37061,3.54614,3.24829,0.537109,3.58643,1.36108
3.76465,2.39136,2.36938,3.54492,3.24829,0.535889,3.58521,1.36108
3.76343,2.38892,2.36816,3.54248,3.24463,0.535889,3.58398,1.35986
3.76465,2.38647,2.36816,3.54248,3.24341,0.534668,3.58276,1.35986
3.76343,2.38403,2.36694,3.54126,3.24219,0.534668,3.58032,1.35864
3.76099,2.38281,2.3645,3.54004,3.24219,0.533447,3.5791,1.35864
3.76099,2.38037,2.36328,3.5376,3.23975,0.533447,3.5791,1.35864
3.75977,2.37793,2.3645,3.53516,3.2373,0.532227,3.57666,1.35864
3.75732,2.37549,2.35962,3.53394,3.2373,0.532227,3.57544,1.35742
3.75854,2.37183,2.35962,3.53271,3.23486,0.531006,3.573,1.35742
3.75732,2.36938,2.3584,3.53149,3.23486,0.529785,3.573,1.3562
3.7561,2.36816,2.35718,3.53027,3.23364,0.529785,3.57056,1.3562
3.75366,2.36572,2.35474,3.52661,3.2312,0.528564,3.57178,1.3562
3.75366,2.36328,2.35474,3.52783,3.2312,0.528564,3.56812,1.3562
3.75244,2.36084,2.35352,3.52539,3.22998,0.528564,3.56689,1.35498
3.75122,2.3584,2.35229,3.52417,3.22876,0.527344,3.56567,1.35498
3.74878,2.35718,2.34863,3.52051,3.22754,0.527344,3.56812,1.35498
3.74878,2.35352,2.34985,3.52173,3.22632,0.526123,3.56323,1.35376
3.74756,2.35229,2.34741,3.51929,3.22388,0.526123,3.56079,1.35376
3.74634,2.34985,2.34619,3.51807,3.22388,0.526123,3.56079,1.35376
3.74512,2.34863,2.34497,3.51685,3.22266,0.524902,3.55957,1.35376
3.7439,2.34619,2.34375,3.51563,3.22144,0.524902,3.55835,1.35376
3.7439,2.34253,2.34253,3.5144,3.22021,0.523682,3.55469,1.35254
3.74268,2.34009,2.34131,3.51196,3.21899,0.523682,3.55347,1.35254
3.74146,2.34009,2.34009,3.50952,3.21655,0.523682,3.55225,1.35254
3.74023,2.33643,2.33765,3.5083,3.21655,0.523682,3.55103,1.35132
3.73901,2.33521,2.33765,3.51196,3.21533,0.523682,3.55103,1.35132
3.73779,2.33276,2.33521,3.50708,3.21533,0.522461,3.55103,1.35132
3.73779,2.33032,2.33398,3.50464,3.21289,0.522461,3.54736,1.3501
3.73535,2.32788,2.33398,3.5083,3.21289,0.52124,3.54736,1.3501
3.73535,2.32544,2.33154,3.5022,3.21289,0.52124,3.54614,1.3501
3.73413,2.32422,2.33032,3.49976,3.20923,0.52002,3.54248,1.3501
3.73413,2.32056,2.33032,3.49976,3.20923,0.52002,3.54248,1.34888
3.73291,2.31812,2.32788,3.49854,3.20801,0.518799,3.54004,1.34888
3.73169,2.31567,2.32788,3.49731,3.20679,0.518799,3.53882,1.34766
3.73047,2.31445,2.32544,3.49487,3.20557,0.517578,3.5376,1.34766
3.72803,2.31323,2.32422,3.49243,3.20435,0.517578,3.5376,1.34888
3.72681,2.31079,2.32178,3.49243,3.20557,0.516357,3.53638,1.34766
3.72803,2.30713,2.323,3.49243,3.20435,0.516357,3.53516,1.34644
3.72437,2.30591,2.32056,3.48999,3.2019,0.515137,3.53394,1.34644
3.72559,2.30347,2.32056,3.48999,3.2019,0.515137,3.53271,1.34644
3.72192,2.30225,2.31689,3.48755,3.20313,0.515137,3.53027,1.34644
3.72314,2.29858,2.31812,3.48755,3.19946,0.513916,3.53027,1.34521
3.72314,2.29614,2.31689,3.48511,3.19824,0.513916,3.52661,1.34521
3.72192,2.29492,2.31567,3.48389,3.19702,0.513916,3.52539,1.34521
3.7207,2.2937,2.31445,3.48267,3.1958,0.512695,3.52539,1.34521
3.71948,2.29126,2.31323,3.48145,3.1958,0.512695,3.52417,1.34399
3.7207,2.29004,2.31079,3.48022,3.19458,0.512695,3.52295,1.34399
3.71826,2.2876,2.31079,3.479,3.19336,0.511475,3.52173,1.34399
3.71704,2.28516,2.30957,3.47778,3.19336,0.511475,3.52051,1.34399
3.7146,2.28394,2.30835,3.47656,3.19092,0.510254,3.52051,1.34399
3.71582,2.28027,2.30713,3.47534,3.1897,0.510254,3.51685,1.34277
3.71216,2.27905,2.30469,3.4729,3.18848,0.510254,3.52173,1.34277
3.71338,2.27661,2.30469,3.4729,3.18848,0.509033,3.5144,1.34155
3.71216,2.27417,2.30347,3.47168,3.18848,0.509033,3.5144,1.34155
3.71094,2.27295,2.30225,3.46924,3.18481,0.507812,3.51196,1.34155
3.7085,2.27051,2.30103,3.46924,3.18604,0.506592,3.51074,1.34155
3.70972,2.26807,2.30103,3.46802,3.18481,0.506592,3.50952,1.34033
3.70972,2.26685,2.29858,3.4668,3.18359,0.506592,3.50952,1.34155
3.70728,2.26318,2.29858,3.46558,3.18237,0.505371,3.50708,1.34033
3.70605,2.26196,2.29736,3.46436,3.18237,0.50415,3.50708,1.34033
3.70483,2.26074,2.29614,3.46313,3.18115,0.50415,3.50586,1.33911
3.70483,2.2583,2.29492,3.46191,3.17993,0.50293,3.50342,1.33911
3.70239,2.25708,2.29248,3.45947,3.17871,0.50293,3.50464,1.33911
3.70361,2.25342,2.29248,3.45947,3.17749,0.50293,3.50098,1.33789
3.70117,2.2522,2.29126,3.45825,3.17749,0.50293,3.50098,1.33911
3.70117,2.24976,2.29126,3.45703,3.17627,0.501709,3.49854,1.33789
3.69751,2.24854,2.28882,3.45703,3.17871,0.501709,3.49731,1.33789
3.69995,2.24609,2.28882,3.45459,3.17383,0.501709,3.49487,1.33667
3.69629,2.24487,2.28638,3.45459,3.17627,0.500488,3.49487,1.33667
3.70117,2.24365,2.28516,3.45215,3.17261,0.500488,3.49487,1.33667
3.69629,2.23999,2.28516,3.45093,3.17261,0.500488,3.49365,1.33667
3.69507,2.23877,2.28394,3.44971,3.17139,0.499268,3.49243,1.33667
3.69873,2.23755,2.28271,3.44849,3.17017,0.499268,3.49121,1.33667
3.69263,2.23511,2.28149,3.44727,3.16895,0.498047,3.48999,1.33545
3.69263,2.23267,2.28027,3.44482,3.1665,0.498047,3.48633,1.33423
3.69629,2.23145,2.27905,3.44482,3.1665,0.496826,3.48755,1.33545
3.69141,2.229,2.27783,3.4436,3.1665,0.496826,3.48633,1.33545
3.69019,2.22778,2.27661,3.44238,3.16528,0.496826,3.48511,1.33423
3.69019,2.22412,2.27661,3.44238,3.16528,0.496826,3.48267,1.33423
3.68896,2.2229,2.27783,3.43994,3.16406,0.496826,3.48267,1.33423
3.68774,2.2229,2.27295,3.4375,3.16162,0.495605,3.48022,1.33301
3.6853,2.21924,2.27173,3.43628,3.16162,0.495605,3.48145,1.33301
3.6853,2.21802,2.27173,3.43628,3.16162,0.495605,3.479,1.33301
3.6853,2.21436,2.27173,3.43628,3.1604,0.494385,3.47656,1.33179
3.68286,2.21313,2.26929,3.43262,3.1604,0.494385,3.47534,1.33179
3.68286,2.21191,2.26929,3.43262,3.15918,0.493164,3.47534,1.33179
3.68286,2.20947,2.26807,3.43262,3.15796,0.493164,3.47412,1.33179
3.68286,2.20703,2.26685,3.43018,3.15674,0.491943,3.47046,1.33057
3.68042,2.20581,2.26685,3.43018,3.15674,0.491943,3.47168,1.33057
3.6792,2.20459,2.26563,3.43262,3.15552,0.491943,3.46924,1.33057
3.68042,2.20093,2.2644,3.42773,3.15552,0.490723,3.46802,1.32935
3.6792,2.20093,2.26318,3.42529,3.15308,0.490723,3.4668,1.32935
3.67554,2.19849,2.26074,3.42407,3.15308,0.490723,3.46558,1.32935
3.67676,2.19727,2.26074,3.42285,3.15063,0.489502,3.46313,1.32935
3.67554,2.19482,2.25952,3.42163,3.15063,0.489502,3.46191,1.32935
3.67554,2.1936,2.25952,3.42041,3.14941,0.489502,3.46191,1.32813
3.67676,2.19116,2.2583,3.42041,3.14941,0.489502,3.46191,1.32813
3.67188,2.18994,2.2583,3.42285,3.14819,0.489502,3.46069,1.32813
3.67188,2.18628,2.25586,3.41797,3.14819,0.489502,3.45947,1.32813
3.67188,2.18506,2.25464,3.41675,3.14819,0.488281,3.45947,1.32813
3.67065,2.18384,2.25464,3.41553,3.14697,0.488281,3.45825,1.32813
3.66943,2.1814,2.25464,3.41675,3.14575,0.488281,3.45581,1.3269
3.66943,2.17896,2.2522,3.41431,3.14575,0.488281,3.45459,1.3269
3.66699,2.17773,2.25098,3.41064,3.14331,0.487061,3.45703,1.3269
3.66821,2.17529,2.25098,3.41187,3.14453,0.487061,3.45215,1.32568
3.66577,2.17407,2.25098,3.41309,3.14209,0.487061,3.45093,1.32568
3.66699,2.17163,2.24854,3.40942,3.14209,0.48584,3.44849,1.32446
3.66455,2.17041,2.24854,3.40942,3.14087,0.48584,3.44849,1.32446
3.66455,2.16919,2.24731,3.40698,3.14087,0.48584,3.44849,1.32446
3.66211,2.16675,2.24487,3.40454,3.13843,0.484619,3.44849,1.32446
3.66211,2.16553,2.24609,3.40576,3.13843,0.484619,3.44482,1.32446
3.66333,2.16309,2.24365,3.40332,3.13843,0.483398,3.44482,1.32446
3.66211,2.16064,2.24365,3.4021,3.13721,0.483398,3.44116,1.32324
3.65845,2.15942,2.24121,3.40088,3.13721,0.483398,3.44116,1.32324
3.66089,2.15698,2.24243,3.40088,3.13599,0.482178,3.43994,1.32324
3.65967,2.15454,2.24121,3.39966,3.13477,0.482178,3.43872,1.32202
3.65723,2.15454,2.23877,3.39722,3.13354,0.482178,3.44238,1.32202
3.65845,2.1521,2.23877,3.39722,3.13232,0.480957,3.43628,1.3208
3.65967,2.15088,2.23755,3.396,3.13232,0.480957,3.43628,1.32202
3.65601,2.14844,2.23755,3.396,3.13232,0.479736,3.43506,1.32202
3.65479,2.14722,2.23633,3.39355,3.1311,0.479736,3.43384,1.32202
3.65479,2.146,2.23511,3.39233,3.12988,0.479736,3.43262,1.3208
3.65356,2.14355,2.23389,3.39233,3.12988,0.479736,3.43262,1.3208
3.65356,2.14111,2.23389,3.39111,3.12988,0.478516,3.43018,1.3208
3.65234,2.13989,2.23267,3.38989,3.12744,0.478516,3.42773,1.31958
3.6499,2.13745,2.23022,3.38745,3.12622,0.478516,3.43262,1.31958
3.6499,2.13623,2.23145,3.39111,3.12622,0.477295,3.42651,1.31958
3.6499,2.13501,2.229,3.38501,3.125,0.477295,3.42651,1.3208
3.6499,2.13379,2.23022,3.38501,3.125,0.477295,3.42529,1.31958
3.64868,2.13135,2.229,3.38501,3.12378,0.477295,3.42407,1.31836
3.64868,2.12891,2.22778,3.38501,3.12378,0.477295,3.42285,1.31836
3.64624,2.12769,2.22656,3.38257,3.12256,0.476074,3.42163,1.31836
3.64624,2.12769,2.22534,3.38013,3.12012,0.476074,3.41919,1.31836
3.64502,2.12402,2.22412,3.38013,3.12012,0.476074,3.42163,1.31714
3.64502,2.1228,2.22412,3.38013,3.12134,0.476074,3.41797,1.31714
3.6438,2.12036,2.22412,3.38013,3.12012,0.476074,3.41675,1.31714
3.64746,2.11914,2.22168,3.37891,3.1189,0.476074,3.41553,1.31714
3.64258,2.11792,2.22168,3.38013,3.11768,0.476074,3.41431,1.31714
3.64258,2.1167,2.22046,3.37524,3.11646,0.474854,3.41187,1.31592
3.64014,2.11426,2.21924,3.37402,3.11646,0.474854,3.41431,1.31592
3.64014,2.11182,2.21924,3.37524,3.11646,0.474854,3.41187,1.31592
3.63892,2.1106,2.21802,3.37402,3.11768,0.474854,3.41064,1.31592
3.6377,2.10938,2.2168,3.37158,3.11523,0.474854,3.40942,1.3147
3.63647,2.10693,2.21558,3.37158,3.11523,0.474854,3.4082,1.3147
3.6377,2.10815,2.21558,3.37036,3.11157,0.473633,3.40576,1.3147
3.63647,2.10327,2.21436,3.36914,3.11157,0.473633,3.40576,1.3147
3.63525,2.10205,2.21436,3.36914,3.11279,0.473633,3.40454,1.3147
3.63525,2.10083,2.21436,3.37158,3.11157,0.472412,3.40332,1.3147
3.63525,2.09961,2.21436,3.36792,3.11035,0.472412,3.4021,1.31348
3.63403,2.09717,2.21191,3.3667,3.11035,0.472412,3.4021,1.31348
3.63403,2.09595,2.21191,3.3667,3.11035,0.472412,3.40088,1.31348
3.63281,2.09473,2.21191,3.36426,3.10791,0.471191,3.39966,1.31348
3.63159,2.09229,2.20947,3.36426,3.10791,0.471191,3.39844,1.31348
3.63159,2.09106,2.20947,3.36304,3.10791,0.469971,3.39844,1.31226
3.63159,2.0874,2.20947,3.36304,3.10669,0.469971,3.396,1.31226
3.63159,2.08618,2.20825,3.36182,3.10547,0.46875,3.39355,1.31104
3.62793,2.08618,2.20703,3.3606,3.10669,0.467529,3.39355,1.31104
3.62915,2.08374,2.20703,3.3606,3.10547,0.467529,3.39233,1.31104
3.62793,2.08252,2.20459,3.35815,3.10303,0.467529,3.39355,1.31226
3.62671,2.08008,2.20459,3.35693,3.10181,0.466309,3.39355,1.31104
3.62671,2.08008,2.20459,3.35693,3.10181,0.466309,3.38867,1.30981
3.62549,2.07764,2.20215,3.35571,3.10181,0.466309,3.39355,1.31104
3.62427,2.07642,2.20215,3.35571,3.10303,0.466309,3.38745,1.30981
3.62549,2.07397,2.20215,3.35449,3.10181,0.466309,3.38745,1.30981
3.62549,2.07275,2.20459,3.35327,3.10059,0.465088,3.38623,1.30981
3.62427,2.07031,2.20093,3.35449,3.10059,0.465088,3.38501,1.30859
3.62305,2.07031,2.19971,3.35083,3.09814,0.465088,3.38257,1.30859
3.62183,2.06787,2.19971,3.35205,3.09814,0.465088,3.38379,1.30859
3.62183,2.06665,2.19849,3.35083,3.09814,0.463867,3.38257,1.30859
3.62183,2.06421,2.19849,3.35083,3.09814,0.463867,3.38013,1.30859
3.62549,2.06299,2.19727,3.34839,3.09692,0.463867,3.38013,1.30859
3.62061,2.06055,2.19727,3.34839,3.09692,0.462646,3.37891,1.30737
3.61938,2.05933,2.19604,3.34717,3.0957,0.462646,3.37769,1.30737
3.61938,2.05688,2.19482,3.34595,3.09448,0.461426,3.37524,1.30615
3.61938,2.05566,2.19482,3.34595,3.09326,0.461426,3.37402,1.30615
3.61694,2.05566,2.1936,3.34473,3.09326,0.461426,3.37524,1.30737
3.61694,2.05322,2.1936,3.34473,3.09326,0.461426,3.3728,1.30615
3.61572,2.052,2.19116,3.34229,3.09082,0.460205,3.37402,1.30737
3.61572,2.04956,2.19238,3.34351,3.09204,0.460205,3.37036,1.30615
3.61328,2.04834,2.18994,3.34229,3.09204,0.460205,3.37036,1.30615
3.61328,2.04712,2.19116,3.34473,3.09082,0.460205,3.36914,1.30615
3.61206,2.0459,2.18872,3.33984,3.09082,0.460205,3.36792,1.30493
3.61328,2.04468,2.18872,3.34229,3.0896,0.458984,3.3667,1.30493
3.61328,2.04102,2.18872,3.33984,3.0896,0.458984,3.36548,1.30493
3.61206,2.04102,2.18872,3.33862,3.08838,0.458984,3.36548,1.30493
3.61328,2.03979,2.18628,3.3374,3.08716,0.458984,3.36426,1.30493
3.61084,2.03735,2.18628,3.33618,3.08716,0.458984,3.36426,1.30493
3.60962,2.03613,2.18506,3.33374,3.08594,0.457764,3.36426,1.30493
3.6084,2.03491,2.18384,3.33374,3.08594,0.458984,3.3606,1.30371
3.61328,2.03369,2.18384,3.33374,3.08594,0.457764,3.3606,1.30371
3.6084,2.03125,2.18384,3.33252,3.0835,0.457764,3.35815,1.30249
3.60718,2.03003,2.18262,3.33252,3.08472,0.457764,3.35815,1.30371
3.60718,2.02881,2.18384,3.3313,3.0835,0.457764,3.35693,1.30249
3.60718,2.02637,2.18262,3.3313,3.0835,0.457764,3.35571,1.30249
3.6084,2.02515,2.1814,3.33008,3.08228,0.457764,3.35571,1.30249
3.60352,2.02393,2.17896,3.32764,3.08105,0.457764,3.35327,1.30249
3.60596,2.02148,2.18018,3.32886,3.08105,0.456543,3.35205,1.30127
3.60229,2.02026,2.17896,3.32642,3.07983,0.456543,3.35449,1.30249
3.60229,2.01904,2.17773,3.32764,3.08228,0.456543,3.35083,1.30127
3.60352,2.0166,2.17896,3.32642,3.07983,0.455322,3.34961,1.30127
3.60229,2.0166,2.17651,3.3252,3.07739,0.455322,3.34839,1.30127
3.60107,2.01538,2.17651,3.32397,3.07739,0.455322,3.34839,1.30127
3.60107,2.01416,2.17529,3.32275,3.07617,0.454102,3.34595,1.30005
3.60107,2.01172,2.17529,3.32397,3.07739,0.454102,3.34717,1.30005
3.60107,2.00928,2.17529,3.32397,3.07739,0.454102,3.34473,1.30005
3.59985,2.00806,2.17407,3.32275,3.07617,0.452881,3.34473,1.30005
3.59863,2.00684,2.17407,3.32153,3.07617,0.452881,3.34473,1.30005
3.59863,2.00562,2.17529,3.32031,3.07495,0.452881,3.34229,1.30005
3.59863,2.00317,2.17285,3.32031,3.07495,0.452881,3.34106,1.29883
3.59863,2.00195,2.17163,3.31909,3.07373,0.45166,3.33984,1.29883
3.59619,2.00195,2.17041,3.31787,3.07373,0.45166,3.33984,1.29883
3.59741,1.99951,2.17041,3.31665,3.07251,0.450439,3.3374,1.29883
3.59375,1.99829,2.16919,3.31665,3.07373,0.450439,3.3374,1.29883
3.59497,1.99707,2.17041,3.31909,3.07129,0.450439,3.33618,1.29883
3.59497,1.99463,2.16919,3.31543,3.07251,0.450439,3.33496,1.29761
3.59253,1.99341,2.16797,3.31421,3.07129,0.450439,3.33496,1.29761
3.59253,1.99219,2.16675,3.31299,3.06885,0.450439,3.33618,1.29761
3.59375,1.98975,2.16675,3.31299,3.07007,0.449219,3.3313,1.29639
3.59009,1.98975,2.16553,3.31299,3.07129,0.449219,3.3313,1.29761
3.59131,1.98975,2.16553,3.31055,3.06763,0.449219,3.33008,1.29639
3.59253,1.98608,2.16553,3.31177,3.06763,0.449219,3.32886,1.29639
3.59131,1.98486,2.16431,3.31055,3.06763,0.450439,3.33008,1.29639
3.59009,1.98486,2.16431,3.30933,3.06763,0.450439,3.32886,1.29639
3.59009,1.98242,2.16431,3.30933,3.06519,0.449219,3.3252,1.29639
3.58765,1.9812,2.16187,3.30811,3.06641,0.450439,3.3252,1.29639
3.58887,1.9812,2.16187,3.30688,3.06396,0.449219,3.3252,1.29639
3.58887,1.97754,2.16187,3.30811,3.06519,0.449219,3.32397,1.29517
3.58765,1.97754,2.16064,3.30688,3.06396,0.449219,3.32397,1.29517
3.58765,1.97632,2.16064,3.30444,3.06274,0.447998,3.32153,1.29517
3.58643,1.97388,2.16064,3.30933,3.06274,0.447998,3.32153,1.29517
3.58521,1.97266,2.16064,3.30811,3.06274,0.447998,3.32031,1.29517
3.58643,1.97021,2.15942,3.30444,3.06274,0.447998,3.31787,1.29395
3.58521,1.97021,2.15942,3.30444,3.06152,0.446777,3.31787,1.29395
3.58521,1.96777,2.1582,3.30322,3.06152,0.446777,3.31665,1.29395
3.58521,1.96655,2.1582,3.302,3.0603,0.446777,3.31543,1.29395
3.58521,1.96533,2.15698,3.302,3.0603,0.446777,3.31421,1.29272
3.58398,1.96411,2.15698,3.30078,3.0603,0.446777,3.31421,1.29272
3.58154,1.96289,2.15454,3.29834,3.05786,0.445557,3.31543,1.29272
3.58154,1.96167,2.15576,3.29956,3.05786,0.445557,3.31299,1.29272
3.58154,1.96045,2.15454,3.29834,3.05786,0.445557,3.31299,1.29272
3.58154,1.95923,2.15576,3.29712,3.05664,0.444336,3.31055,1.29272
3.58032,1.95801,2.15332,3.2959,3.05664,0.444336,3.31299,1.29272
3.5791,1.95557,2.1521,3.29468,3.05542,0.444336,3.31055,1.2915
3.58032,1.95557,2.15576,3.2959,3.05542,0.444336,3.30811,1.2915
3.58032,1.95313,2.1521,3.2959,3.05542,0.444336,3.30688,1.2915
3.5791,1.9519,2.15088,3.29468,3.05542,0.444336,3.30688,1.2915
3.57666,1.95068,2.14966,3.29224,3.0542,0.443115,3.30933,1.2915
3.57788,1.94946,2.15088,3.29346,3.0542,0.443115,3.30566,1.2915
3.57666,1.94824,2.14966,3.29346,3.05298,0.443115,3.30444,1.2915
3.5791,1.94702,2.14966,3.29224,3.05298,0.441895,3.30322,1.2915
3.57666,1.9458,2.14966,3.29224,3.05298,0.441895,3.302,1.29028
3.57666,1.94458,2.14966,3.29102,3.05176,0.441895,3.30078,1.29028
3.57544,1.94214,2.14722,3.28857,3.04932,0.441895,3.30078,1.29028
3.57544,1.94092,2.14722,3.28979,3.05054,0.441895,3.29712,1.28906
3.57422,1.94092,2.146,3.29102,3.05054,0.441895,3.29834,1.29028
3.57544,1.93848,2.146,3.28857,3.04932,0.440674,3.2959,1.28906
3.573,1.93726,2.14478,3.28613,3.0481,0.440674,3.29712,1.29028
3.573,1.93604,2.14478,3.28735,3.04932,0.440674,3.2959,1.28906
3.57056,1.93481,2.14355,3.28735,3.05176,0.440674,3.29468,1.28906
3.573,1.93237,2.14478,3.28613,3.0481,0.440674,3.29224,1.28784
3.57178,1.93115,2.14355,3.28613,3.0481,0.439453,3.29224,1.28784
3.56934,1.93115,2.14233,3.28369,3.04688,0.439453,3.29102,1.28784
3.57056,1.92993,2.14233,3.28369,3.04688,0.439453,3.29102,1.28784
3.57056,1.92871,2.14111,3.28247,3.04443,0.438232,3.28857,1.28784
3.56812,1.92749,2.13989,3.28125,3.04688,0.439453,3.28857,1.28784
3.56934,1.92627,2.13989,3.28247,3.04443,0.438232,3.28857,1.28784
3.56689,1.92383,2.13867,3.28125,3.04321,0.438232,3.28735,1.28662
3.56812,1.92383,2.13989,3.28125,3.04321,0.438232,3.28735,1.28662
3.56812,1.92139,2.13867,3.28003,3.04199,0.437012,3.28369,1.28662
3.56567,1.92017,2.13745,3.27759,3.04199,0.437012,3.28369,1.28662
3.56689,1.92017,2.13867,3.27759,3.04199,0.437012,3.28369,1.28662
3.56689,1.9165,2.13745,3.27881,3.04199,0.437012,3.28247,1.2854
3.56689,1.9165,2.13623,3.27759,3.04077,0.437012,3.28003,1.2854
3.56567,1.91528,2.13623,3.27637,3.04077,0.435791,3.27881,1.2854
3.56445,1.91406,2.13501,3.27637,3.04077,0.435791,3.28003,1.2854
3.56323,1.91284,2.13379,3.27393,3.03833,0.435791,3.27881,1.2854
3.56445,1.91406,2.13379,3.27393,3.03833,0.43457,3.27759,1.2854
3.56445,1.90918,2.13379,3.27393,3.03833,0.43457,3.27515,1.28418
3.56445,1.90918,2.13501,3.27271,3.03833,0.43457,3.27637,1.2854
3.56323,1.90796,2.13501,3.27271,3.03833,0.43457,3.27515,1.28418
3.56445,1.90674,2.13257,3.27148,3.03711,0.43457,3.27515,1.28418
3.55957,1.90552,2.13013,3.27271,3.03955,0.43457,3.27271,1.28418
3.56201,1.90308,2.13135,3.27148,3.03589,0.43457,3.27148,1.28296
3.56079,1.90308,2.13013,3.27026,3.03711,0.43457,3.27271,1.28418
3.56201,1.90186,2.12891,3.26904,3.03589,0.43335,3.27148,1.28418
3.55957,1.89941,2.12891,3.27026,3.03589,0.43457,3.27026,1.28296
3.55957,1.89819,2.12891,3.26904,3.03467,0.43335,3.26782,1.28296
3.55713,1.89819,2.12646,3.2666,3.03467,0.43457,3.26782,1.28296
3.55835,1.89697,2.12646,3.2666,3.03223,0.43335,3.2666,1.28296
3.55713,1.89575,2.12646,3.2666,3.03345,0.43335,3.2666,1.28296
3.55713,1.89453,2.12646,3.2666,3.03345,0.43335,3.2666,1.28296
3.55591,1.89331,2.12524,3.26416,3.03101,0.43335,3.26416,1.28296
3.55713,1.89087,2.12524,3.26538,3.03223,0.432129,3.26294,1.28174
3.55469,1.89087,2.12402,3.26294,3.03223,0.432129,3.26294,1.28174
3.55591,1.88843,2.12402,3.26416,3.03223,0.432129,3.26294,1.28174
3.55835,1.88843,2.1228,3.26294,3.03101,0.432129,3.26172,1.28174
3.55347,1.88721,2.12158,3.26172,3.02979,0.430908,3.2605,1.28052
3.55469,1.88477,2.1228,3.26172,3.02979,0.430908,3.25806,1.28052
3.55347,1.88354,2.12158,3.26172,3.02979,0.430908,3.25928,1.28052
3.55225,1.88232,2.12036,3.25928,3.02734,0.429687,3.26172,1.28052
3.55347,1.88232,2.12036,3.25928,3.02734,0.429687,3.25562,1.2793
3.55225,1.8811,2.12036,3.2605,3.02856,0.429687,3.25684,1.28052
3.55103,1.87988,2.11914,3.25806,3.02734,0.429687,3.25684,1.2793
3.55225,1.87744,2.11914,3.25806,3.02612,0.428467,3.25317,1.2793
3.55225,1.87622,2.11914,3.25806,3.02612,0.428467,3.25195,1.2793
3.5498,1.87622,2.11792,3.25806,3.02612,0.428467,3.25317,1.2793
3.5498,1.875,2.11914,3.2605,3.02612,0.428467,3.25195,1.2793
3.54736,1.87378,2.1167,3.25684,3.02856,0.428467,3.25073,1.2793
3.54736,1.87256,2.11548,3.25562,3.02734,0.428467,3.24951,1.27808
3.54858,1.87134,2.1167,3.25562,3.0249,0.428467,3.24951,1.27808
3.54858,1.8689,2.1167,3.25562,3.02368,0.428467,3.24707,1.27808
3.54736,1.8689,2.11548,3.25317,3.02246,0.428467,3.24951,1.2793
3.54736,1.86768,2.11548,3.25439,3.02368,0.428467,3.24707,1.27808
3.54736,1.86646,2.11426,3.25317,3.02246,0.427246,3.24463,1.27686
3.54736,1.86523,2.11426,3.25317,3.02124,0.427246,3.24341,1.27686
3.54614,1.86523,2.11304,3.25195,3.02124,0.427246,3.24341,1.27686
3.54614,1.86523,2.11304,3.25073,3.02002,0.427246,3.24219,1.27686
3.54492,1.86157,2.11304,3.25195,3.02124,0.427246,3.24341,1.27686
3.54614,1.86035,2.11304,3.25195,3.02124,0.426025,3.24097,1.27686
3.54736,1.86035,2.11182,3.24951,3.02002,0.426025,3.24097,1.27686
3.54248,1.85791,2.1106,3.24951,3.02124,0.427246,3.23975,1.27686
3.54614,1.85791,2.1106,3.24951,3.02002,0.426025,3.23975,1.27686
3.54492,1.85669,2.1106,3.24829,3.0188,0.426025,3.23853,1.27563
3.54492,1.85547,2.10938,3.24829,3.0188,0.426025,3.23853,1.27563
3.54248,1.85303,2.10938,3.24829,3.0188,0.424805,3.23608,1.27563
3.54248,1.85181,2.10938,3.24829,3.0188,0.424805,3.23608,1.27563
3.54004,1.85181,2.10938,3.24829,3.02124,0.424805,3.23486,1.27563
3.54126,1.85181,2.10815,3.24463,3.01514,0.423584,3.23364,1.27563
3.53882,1.84937,2.10693,3.24463,3.01514,0.423584,3.23608,1.27441
3.54004,1.84814,2.10938,3.24951,3.01636,0.423584,3.23242,1.27563
3.5376,1.84692,2.10571,3.24463,3.01758,0.423584,3.2312,1.27441
3.53882,1.8457,2.10693,3.24829,3.01514,0.423584,3.2312,1.27441
3.53882,1.84448,2.10571,3.24341,3.01514,0.423584,3.2312,1.27441
3.5376,1.84326,2.10571,3.24341,3.01514,0.423584,3.22998,1.27441
3.5376,1.84204,2.10571,3.24341,3.01514,0.422363,3.22876,1.27319
3.5376,1.84204,2.10449,3.24097,3.0127,0.422363,3.22754,1.27319
3.5376,1.84082,2.10449,3.24097,3.0127,0.422363,3.2251,1.27319
3.53638,1.8396,2.10327,3.23975,3.01147,0.422363,3.2251,1.27319
3.53638,1.83716,2.10327,3.24097,3.0127,0.422363,3.2251,1.27197
3.53638,1.83594,2.10327,3.23975,3.01147,0.421143,3.22388,1.27197
3.53638,1.83472,2.10205,3.23975,3.01147,0.421143,3.22266,1.27197
3.53271,1.83472,2.10083,3.23853,3.01392,0.421143,3.22266,1.27197
3.53638,1.8335,2.10083,3.23853,3.01147,0.421143,3.22266,1.27197
3.53516,1.83228,2.10205,3.2373,3.01025,0.419922,3.22144,1.27197
3.5376,1.83105,2.10083,3.2373,3.01025,0.419922,3.22144,1.27197
3.53271,1.82983,2.09961,3.2373,3.01025,0.419922,3.22021,1.27197
3.53271,1.82983,2.09961,3.23486,3.00903,0.418701,3.21777,1.27197
3.53271,1.82861,2.09839,3.23486,3.00903,0.418701,3.21655,1.27075
3.53149,1.82739,2.09961,3.23608,3.00903,0.418701,3.21777,1.27197
3.53271,1.82617,2.09839,3.23486,3.00903,0.418701,3.21655,1.27075
3.53394,1.82495,2.09717,3.23364,3.00903,0.41748,3.21655,1.27075
3.53394,1.82373,2.09717,3.23364,3.00781,0.41748,3.21533,1.27075
3.53027,1.82251,2.09717,3.23364,3.00903,0.41748,3.21533,1.27075
3.52905,1.82129,2.09717,3.23486,3.00781,0.41748,3.21289,1.27075
3.52905,1.82007,2.09595,3.23486,3.00659,0.41748,3.21289,1.27075
3.53027,1.81885,2.09595,3.2312,3.00537,0.41748,3.21045,1.26953
3.52783,1.81763,2.09473,3.22998,3.00537,0.41748,3.21289,1.27075
3.52783,1.81763,2.09595,3.2312,3.00537,0.41748,3.21045,1.26953
3.52661,1.81519,2.09351,3.22876,3.00537,0.41748,3.21167,1.26953
3.52783,1.81396,2.09351,3.22998,3.00537,0.41748,3.20923,1.26953
3.52661,1.81274,2.09229,3.22754,3.00415,0.41626,3.20923,1.27075
3.52783,1.81274,2.09229,3.22754,3.00293,0.41626,3.20557,1.26953
3.52539,1.81152,2.09229,3.22754,3.00781,0.41626,3.20557,1.26831
3.52661,1.8103,2.09229,3.22754,3.00415,0.41626,3.20557,1.26953
3.52539,1.80908,2.09106,3.2251,3.00293,0.41626,3.20557,1.26953
3.52417,1.80786,2.08984,3.2251,3.00293,0.41626,3.20557,1.26831
3.52417,1.80664,2.08984,3.2251,3.00415,0.41626,3.20313,1.26831
3.52417,1.80542,2.08984,3.2251,3.00293,0.41626,3.20313,1.26831
3.52417,1.80542,2.08984,3.22632,3.00171,0.41626,3.2019,1.26831
3.52295,1.80298,2.08862,3.22388,3.00049,0.41626,3.20313,1.26953
3.52417,1.80298,2.08862,3.22388,3.00171,0.415039,3.20068,1.26831
3.52173,1.80176,2.0874,3.22266,3.00049,0.41626,3.2019,1.26709
3.52295,1.80054,2.08984,3.22388,3.00049,0.415039,3.19824,1.26709
3.52295,1.80054,2.0874,3.22144,2.99927,0.413818,3.1958,1.26709
3.52051,1.7981,2.08618,3.22144,2.99927,0.415039,3.19702,1.26709
3.52051,1.79688,2.08618,3.22021,2.99927,0.413818,3.19824,1.26709
3.52173,1.79565,2.08618,3.22266,3.00049,0.413818,3.1958,1.26709
3.52173,1.79443,2.08618,3.22144,2.99927,0.413818,3.19336,1.26587
3.52051,1.79321,2.08618,3.22144,2.99927,0.413818,3.19458,1.26587
3.51929,1.79321,2.08496,3.22021,3.00293,0.412598,3.19214,1.26587
3.51929,1.79321,2.08496,3.22021,2.99805,0.412598,3.19336,1.26587
3.51929,1.79321,2.08374,3.21899,2.99683,0.412598,3.19092,1.26587
3.52051,1.79077,2.08374,3.21899,2.99805,0.412598,3.19092,1.26587
3.51929,1.78955,2.08374,3.21899,2.99683,0.412598,3.18848,1.26465
3.51807,1.78833,2.08374,3.21899,2.99805,0.412598,3.1897,1.26587
3.51807,1.78711,2.08252,3.21777,2.99683,0.412598,3.1897,1.26587
3.51807,1.78833,2.0813,3.21655,2.99561,0.411377,3.18726,1.26587
3.51685,1.78467,2.08252,3.21777,2.99683,0.411377,3.18726,1.26465
3.51563,1.78345,2.0813,3.21655,2.99683,0.412598,3.18604,1.26465
3.51685,1.78223,2.0813,3.21655,2.99561,0.411377,3.18604,1.26465
3.51563,1.78223,2.08008,3.21533,2.99561,0.411377,3.18481,1.26465
3.51563,1.78101,2.08008,3.21533,2.99561,0.411377,3.18481,1.26465
3.5144,1.77979,2.07886,3.21289,2.99316,0.411377,3.18359,1.26587
3.51563,1.77856,2.08008,3.21533,2.99438,0.410156,3.18115,1.26343
3.5144,1.77734,2.07886,3.21289,2.99316,0.410156,3.18359,1.26587
3.5144,1.77734,2.07886,3.21411,2.99438,0.410156,3.18115,1.26465
3.51318,1.77612,2.07764,3.21289,2.99316,0.410156,3.17993,1.26343
3.51318,1.7749,2.07764,3.21411,2.99438,0.410156,3.17871,1.26343
3.51318,1.77612,2.07764,3.21167,2.99194,0.410156,3.17749,1.26343
3.51563,1.77368,2.07886,3.21167,2.99194,0.410156,3.17871,1.26343
3.5144,1.77246,2.07642,3.21167,2.99194,0.410156,3.17749,1.26343
3.51318,1.77002,2.07642,3.21167,2.99316,0.410156,3.17627,1.26343
3.51074,1.77002,2.0752,3.20923,2.99072,0.411377,3.17871,1.26221
3.51318,1.76758,2.07642,3.21045,2.99194,0.410156,3.17383,1.26221
3.51074,1.76758,2.0752,3.20923,2.9895,0.410156,3.17383,1.26343
3.51074,1.76636,2.0752,3.20923,2.99072,0.410156,3.17383,1.26221
3.51196,1.76514,2.0752,3.20923,2.99072,0.410156,3.17261,1.26221
3.51196,1.76514,2.0752,3.20801,2.9895,0.408936,3.17017,1.26221
3.50952,1.76514,2.07397,3.20801,2.98828,0.408936,3.17017,1.26221
3.5083,1.7627,2.07275,3.20679,2.9895,0.410156,3.17261,1.26221
3.50952,1.76147,2.07397,3.20801,2.99072,0.408936,3.17017,1.26221
3.50952,1.76025,2.07275,3.20801,2.9895,0.408936,3.16895,1.26221
3.50952,1.75903,2.07275,3.20679,2.9895,0.408936,3.16895,1.26099
3.50952,1.75781,2.07275,3.20679,2.9895,0.408936,3.1665,1.26099
3.50708,1.75781,2.07153,3.20801,2.9895,0.407715,3.1665,1.26099
3.50952,1.75659,2.07275,3.20557,2.98828,0.407715,3.16528,1.26099
3.5083,1.75537,2.07153,3.20557,2.98828,0.407715,3.16528,1.26099
3.50952,1.75537,2.07153,3.20435,2.98828,0.407715,3.16406,1.26099
3.50586,1.75415,2.07031,3.20435,2.9895,0.407715,3.16406,1.26099
3.5083,1.75171,2.07153,3.20557,2.98828,0.407715,3.16284,1.26099
3.50708,1.75171,2.07031,3.20313,2.98584,0.406494,3.16162,1.26099
3.50708,1.75049,2.07031,3.20313,2.98584,0.406494,3.1604,1.25977
3.50586,1.74927,2.07031,3.20313,2.98706,0.406494,3.1604,1.26099
3.50586,1.74927,2.07031,3.20435,2.98584,0.406494,3.1604,1.26099
3.50708,1.74683,2.06909,3.20313,2.98584,0.406494,3.15796,1.25977
3.50464,1.74683,2.06787,3.20068,2.98462,0.406494,3.15918,1.26099
3.50464,1.74683,2.06787,3.2019,2.98584,0.406494,3.15796,1.25977
3.50464,1.74561,2.06787,3.20068,2.98462,0.405273,3.15552,1.25977
3.50586,1.74438,2.06787,3.2019,2.98584,0.405273,3.15552,1.25977
3.50342,1.74316,2.06787,3.2019,2.98462,0.405273,3.15552,1.25977
3.50464,1.74194,2.06665,3.20068,2.98584,0.405273,3.15552,1.25977
3.50342,1.74194,2.06665,3.20068,2.98584,0.405273,3.1543,1.25977
3.50342,1.74072,2.06665,3.19946,2.98462,0.405273,3.1543,1.25977
3.50342,1.74072,2.06665,3.2019,2.98462,0.404053,3.15308,1.25977
3.50342,1.7395,2.06787,3.19946,2.98462,0.404053,3.15186,1.25977
3.50342,1.73828,2.06543,3.19824,2.9834,0.402832,3.14941,1.25854
3.50098,1.73706,2.06543,3.19946,2.98706,0.402832,3.15063,1.25854
3.5022,1.73584,2.06543,3.2019,2.9834,0.402832,3.14941,1.25854
3.5022,1.73706,2.06421,3.19702,2.98218,0.402832,3.14819,1.25854
3.5022,1.7334,2.06421,3.19824,2.9834,0.402832,3.14697,1.25854
3.49976,1.7334,2.06299,3.19702,2.9834,0.402832,3.14819,1.25854
3.49976,1.73218,2.06299,3.19824,2.98584,0.401611,3.14697,1.25854
3.50098,1.73096,2.06299,3.1958,2.98096,0.401611,3.14697,1.25977
3.49976,1.73096,2.06177,3.1958,2.9834,0.401611,3.14575,1.25854
3.50098,1.73218,2.06177,3.19458,2.98096,0.400391,3.14453,1.25854
3.50098,1.72852,2.06299,3.1958,2.98096,0.400391,3.14209,1.25732
3.49976,1.72729,2.06177,3.19702,2.98218,0.401611,3.14453,1.25854
3.49976,1.72729,2.06299,3.1958,2.98096,0.401611,3.14331,1.25854
3.49976,1.72607,2.06177,3.19458,2.97974,0.400391,3.14087,1.25732
3.49731,1.72485,2.06055,3.19458,2.98096,0.401611,3.14087,1.25732
3.49976,1.72485,2.06055,3.19458,2.98096,0.401611,3.14087,1.25732
3.49854,1.72485,2.06055,3.19214,2.97852,0.400391,3.13965,1.25732
3.49854,1.72241,2.06055,3.19336,2.97974,0.400391,3.13843,1.25732
3.49854,1.72119,2.06055,3.19336,2.97974,0.400391,3.13721,1.2561
3.49854,1.72119,2.05933,3.19214,2.97852,0.400391,3.13599,1.25732
3.49731,1.71997,2.05933,3.19214,2.97852,0.400391,3.13721,1.25732
3.49731,1.71997,2.05933,3.19214,2.97852,0.400391,3.13599,1.25732
3.49854,1.71753,2.05933,3.19214,2.97852,0.400391,3.13477,1.2561
3.49731,1.71631,2.05811,3.19214,2.97974,0.400391,3.13599,1.25732
3.49609,1.71631,2.05811,3.19214,2.97852,0.400391,3.13477,1.25732
3.50098,1.71509,2.05811,3.19092,2.97852,0.400391,3.13477,1.25732
3.49487,1.71387,2.05688,3.1897,2.97852,0.39917,3.13721,1.2561
3.49609,1.71387,2.05688,3.1897,2.97729,0.39917,3.1311,1.2561
3.49609,1.71265,2.05688,3.19092,2.97852,0.39917,3.13232,1.2561
3.49365,1.71143,2.05566,3.18848,2.97852,0.39917,3.12988,1.2561
3.49487,1.71021,2.05566,3.1897,2.97852,0.39917,3.1311,1.2561
3.49609,1.70898,2.05688,3.1897,2.97729,0.39917,3.12866,1.2561
3.49365,1.70898,2.05566,3.19092,2.97729,0.397949,3.12866,1.2561
3.49609,1.70776,2.05811,3.18848,2.97729,0.397949,3.12744,1.2561
3.49243,1.70654,2.05444,3.18848,2.97852,0.397949,3.12744,1.2561
3.49487,1.70532,2.05566,3.18848,2.97729,0.397949,3.12622,1.2561
3.49365,1.70532,2.05688,3.18726,2.97607,0.397949,3.12622,1.2561
3.49365,1.7041,2.05444,3.18726,2.97607,0.397949,3.12378,1.25488
3.49365,1.7041,2.05322,3.18604,2.97485,0.396729,3.12256,1.25488
3.49365,1.70166,2.05322,3.18726,2.97485,0.396729,3.12256,1.25488
3.49487,1.70166,2.05322,3.18604,2.97607,0.396729,3.12378,1.2561
3.49365,1.70044,2.05322,3.18726,2.97485,0.396729,3.12134,1.25488
3.49243,1.70044,2.052,3.18604,2.97485,0.396729,3.12256,1.25488
3.49243,1.69922,2.052,3.18604,2.97485,0.396729,3.1189,1.25488
3.49243,1.69922,2.052,3.18481,2.97363,0.396729,3.1189,1.25488
3.48999,1.69678,2.05078,3.18359,2.97363,0.396729,3.12256,1.25488
3.49121,1.69556,2.052,3.18481,2.97485,0.396729,3.11768,1.25488
3.49243,1.69556,2.05078,3.18359,2.97363,0.396729,3.11768,1.25488
3.49121,1.69434,2.05078,3.18481,2.97485,0.396729,3.11768,1.25488
3.48999,1.69312,2.04956,3.18237,2.97241,0.395508,3.11768,1.2561
3.49121,1.69189,2.05078,3.18359,2.97363,0.395508,3.11523,1.25366
3.48999,1.69189,2.04956,3.18359,2.97363,0.395508,3.11523,1.25488
3.48999,1.69067,2.04956,3.18359,2.97241,0.395508,3.11279,1.25366
3.48877,1.69067,2.04956,3.18237,2.97363,0.395508,3.11401,1.25488
3.48877,1.68945,2.04834,3.18237,2.97241,0.395508,3.11401,1.25488
3.48999,1.68823,2.04834,3.18237,2.97241,0.394287,3.11157,1.25366
3.49121,1.68823,2.04834,3.18115,2.97241,0.394287,3.11157,1.25366
3.48755,1.68701,2.04712,3.17993,2.97119,0.394287,3.11157,1.25488
3.48755,1.68579,2.04834,3.18237,2.97119,0.394287,3.11035,1.25366
3.48877,1.68579,2.04956,3.17993,2.97119,0.394287,3.11035,1.25366
3.48633,1.68457,2.04712,3.18359,2.97119,0.394287,3.10913,1.25366
3.48755,1.68457,2.04712,3.17871,2.96997,0.394287,3.10669,1.25366
3.48755,1.68457,2.0459,3.17871,2.96997,0.394287,3.10669,1.25366
3.48755,1.68091,2.0459,3.17993,2.97119,0.393066,3.10547,1.25244
3.48755,1.68091,2.0459,3.17993,2.97119,0.393066,3.10547,1.25244
3.48633,1.67969,2.0459,3.17993,2.97119,0.393066,3.10547,1.25244
3.48633,1.67969,2.0459,3.17993,2.96997,0.393066,3.10547,1.25366
3.48633,1.67969,2.04468,3.17749,2.96875,0.393066,3.10303,1.25244
3.48511,1.67725,2.04346,3.17627,2.96997,0.393066,3.10425,1.25244
3.48633,1.67725,2.04468,3.17749,2.96875,0.393066,3.10181,1.25244
3.48389,1.67603,2.04346,3.17627,2.96997,0.393066,3.10181,1.25244
3.48633,1.6748,2.0459,3.17627,2.96875,0.391846,3.10181,1.25244
3.48511,1.6748,2.04346,3.17627,2.96997,0.391846,3.10181,1.25244
3.48511,1.67358,2.04346,3.17627,2.96997,0.391846,3.10059,1.25244
3.48511,1.67236,2.04346,3.17627,2.96997,0.391846,3.09937,1.25244
3.48389,1.67236,2.04224,3.17627,2.96875,0.391846,3.09937,1.25244
3.48511,1.67114,2.04224,3.17505,2.96875,0.391846,3.09814,1.25244
3.48389,1.66992,2.04346,3.17505,2.96753,0.391846,3.09692,1.25244
3.48511,1.6687,2.04224,3.17505,2.96753,0.391846,3.0957,1.25122
3.48389,1.6687,2.04102,3.17505,2.96875,0.391846,3.09692,1.25244
3.48389,1.66992,2.04102,3.17261,2.96631,0.390625,3.09448,1.25244
3.48267,1.66626,2.03979,3.17261,2.96631,0.390625,3.09692,1.25122
3.48389,1.66504,2.04102,3.17383,2.96753,0.390625,3.09326,1.25122
3.48633,1.66504,2.03979,3.17383,2.96631,0.389404,3.09326,1.25244
3.48389,1.66382,2.03979,3.17383,2.96753,0.389404,3.09204,1.25122
3.48267,1.66382,2.03979,3.17383,2.96753,0.389404,3.09204,1.25122
3.48267,1.6626,2.03857,3.17261,2.96631,0.389404,3.09204,1.25122
3.48267,1.6626,2.03857,3.17139,2.96509,0.388184,3.0896,1.25122
3.48267,1.66016,2.03857,3.17261,2.96631,0.388184,3.08838,1.25122
3.48145,1.66016,2.03857,3.17261,2.96631,0.388184,3.0896,1.25122
3.48145,1.66016,2.03735,3.17139,2.96387,0.386963,3.08716,1.25122
3.48022,1.65894,2.03735,3.17139,2.96875,0.388184,3.08716,1.25122
3.48145,1.66016,2.03735,3.17017,2.96387,0.386963,3.08594,1.25122
3.48022,1.65771,2.03735,3.17139,2.96509,0.386963,3.08716,1.25122
3.48022,1.65649,2.03735,3.17139,2.96509,0.386963,3.08594,1.25122
3.48145,1.65527,2.03735,3.17139,2.96509,0.386963,3.08594,1.25122
3.48022,1.65527,2.03613,3.17017,2.96509,0.386963,3.08472,1.25122
3.479,1.65405,2.03491,3.16895,2.96387,0.386963,3.08594,1.25
3.48022,1.65405,2.03613,3.17017,2.96387,0.386963,3.0835,1.25122
3.479,1.65283,2.03491,3.16772,2.96265,0.386963,3.08472,1.25
3.479,1.65161,2.03491,3.17017,2.96387,0.385742,3.08228,1.25
3.479,1.65161,2.03491,3.16772,2.96265,0.385742,3.08105,1.25122
3.48022,1.64917,2.03491,3.16895,2.96387,0.385742,3.07983,1.25
3.479,1.64917,2.03491,3.16772,2.96265,0.385742,3.07861,1.25
3.48022,1.64917,2.03369,3.16772,2.96265,0.385742,3.07983,1.25
3.47778,1.64795,2.03369,3.16772,2.96265,0.385742,3.07983,1.25
3.47778,1.64673,2.03369,3.16772,2.96265,0.385742,3.07861,1.25
3.47656,1.64673,2.03247,3.1665,2.96387,0.385742,3.07739,1.25
3.47778,1.64551,2.03247,3.1665,2.96143,0.385742,3.07495,1.25
3.47778,1.64429,2.03247,3.16528,2.96021,0.385742,3.07617,1.24878
3.47778,1.64429,2.03369,3.1665,2.96143,0.385742,3.07617,1.25
3.47534,1.64307,2.03125,3.16528,2.96265,0.385742,3.07495,1.24878
3.47778,1.64185,2.03247,3.1665,2.96143,0.384521,3.07373,1.24878
3.47656,1.64185,2.03125,3.16895,2.96143,0.384521,3.07373,1.24878
3.47656,1.64307,2.03003,3.16406,2.96021,0.384521,3.07251,1.25
3.47656,1.64063,2.03125,3.16528,2.96143,0.384521,3.07251,1.24878
3.47656,1.6394,2.03003,3.16528,2.96143,0.384521,3.07251,1.24878
3.47656,1.6394,2.03003,3.16528,2.96143,0.384521,3.07129,1.24878
3.47534,1.63818,2.03003,3.16406,2.96021,0.383301,3.07129,1.24878
3.47412,1.63696,2.02881,3.16284,2.96021,0.384521,3.07373,1.24878
3.47534,1.63696,2.02881,3.16406,2.96021,0.383301,3.07007,1.24878
3.47412,1.63574,2.02881,3.16406,2.96143,0.384521,3.06885,1.24878
3.47412,1.63574,2.02881,3.16284,2.96021,0.383301,3.06763,1.24878
3.4729,1.63452,2.02759,3.16406,2.96021,0.383301,3.06641,1.24878
3.47534,1.6333,2.02881,3.16406,2.96021,0.383301,3.06641,1.24756
3.47534,1.63208,2.02759,3.16406,2.96021,0.383301,3.06641,1.24878
3.47534,1.63086,2.02759,3.16284,2.95898,0.383301,3.06396,1.24756
3.4729,1.63086,2.02637,3.1604,2.95776,0.383301,3.06641,1.24878
3.47534,1.62964,2.02759,3.16284,2.95898,0.38208,3.06274,1.24756
3.4729,1.62964,2.02637,3.1604,2.95776,0.38208,3.06641,1.24756
3.4729,1.62964,2.02637,3.16162,2.95898,0.38208,3.06396,1.24878
3.47534,1.62842,2.02637,3.16162,2.95898,0.38208,3.06274,1.24878
3.4729,1.62964,2.02515,3.1604,2.95654,0.38208,3.06152,1.25
3.47412,1.62598,2.02637,3.16162,2.95898,0.38208,3.0603,1.24756
3.47656,1.6272,2.02515,3.1604,2.95776,0.380859,3.0603,1.24878
3.4729,1.62598,2.02515,3.1604,2.95776,0.380859,3.0603,1.24878
3.4729,1.62476,2.02637,3.1604,2.95776,0.380859,3.05908,1.24756
3.4729,1.62476,2.02393,3.15918,2.95654,0.380859,3.05664,1.24756
3.4729,1.62354,2.02637,3.15918,2.95776,0.380859,3.05786,1.24756
3.47534,1.62354,2.02393,3.15918,2.95776,0.380859,3.05786,1.24756
3.47168,1.62231,2.02393,3.15918,2.95776,0.380859,3.05664,1.24756
3.47656,1.62109,2.02393,3.15918,2.95776,0.380859,3.05664,1.24756
3.47168,1.62109,2.02637,3.15796,2.95654,0.380859,3.05542,1.24756
3.47046,1.61987,2.02271,3.15674,2.95654,0.380859,3.05664,1.24756
3.47168,1.61865,2.02271,3.15918,2.95776,0.380859,3.05298,1.24756
3.47046,1.61865,2.02271,3.15796,2.95776,0.380859,3.0542,1.24756
3.47168,1.61743,2.02271,3.15796,2.95654,0.380859,3.05176,1.24756
3.47046,1.61621,2.02148,3.15796,2.95776,0.380859,3.05298,1.24756
3.47046,1.61621,2.02148,3.15674,2.95532,0.380859,3.05176,1.24756
3.47046,1.61377,2.02148,3.15796,2.95654,0.380859,3.04932,1.24634
3.47168,1.61499,2.02393,3.15674,2.95654,0.380859,3.05054,1.24756
3.47046,1.61255,2.02148,3.15796,2.95654,0.380859,3.04932,1.24634
3.47046,1.61255,2.02148,3.15674,2.95654,0.380859,3.0481,1.24634
3.46924,1.61377,2.02026,3.15552,2.95532,0.380859,3.04688,1.24756
3.46924,1.61133,2.02148,3.15552,2.95532,0.380859,3.0481,1.24756
3.46924,1.61133,2.02026,3.15674,2.95654,0.380859,3.0481,1.24756
3.46924,1.61011,2.02026,3.15552,2.95532,0.380859,3.04688,1.24756
3.46802,1.60889,2.01904,3.1543,2.95532,0.380859,3.04565,1.24634
3.4668,1.60889,2.01782,3.1543,2.95532,0.379639,3.04565,1.24634
3.46924,1.60767,2.02148,3.15552,2.95532,0.379639,3.04443,1.24634
3.4668,1.60767,2.01782,3.1543,2.95654,0.379639,3.04321,1.24634
3.4668,1.60645,2.01904,3.15674,2.95532,0.379639,3.04321,1.24634
3.4668,1.60522,2.01782,3.15308,2.9541,0.378418,3.04321,1.24756
3.4668,1.60522,2.01782,3.1543,2.95532,0.378418,3.04199,1.24634
3.46802,1.604,2.01782,3.1543,2.95532,0.378418,3.04199,1.24634
3.46802,1.604,2.01782,3.1543,2.95532,0.378418,3.04199,1.24634
